50
3
1 2 3
2 3 5
3 5 6
2 3 4
1 2 3
4
3 5 6 12
2 4 5 10
2 4 5 9
1 2 3 8
8 10 12 13
3 5 6 11
1 2 3 7
4
29 47 73 87
25 44 55 76
76 87 106 114
25 29 39 41
44 47 52 72
55 73 83 89
41 72 89 114
5
13 16 18 22 25
14 18 19 21 25
10 12 17 19 21
7 11 15 16 19
3 6 7 10 13
3 6 9 11 14
9 12 15 17 18
6 9 11 12 16
11 15 16 19 22
7
4 8 10 12 14 17 18
6 10 13 16 19 22 23
8 12 16 19 22 25 28
11 19 23 25 28 33 34
15 18 21 28 31 33 34
5 8 9 12 14 16 19
10 16 22 24 26 30 33
12 17 20 25 28 30 33
9 14 19 21 25 28 31
3 5 6 8 11 12 15
11 14 17 22 25 26 28
6 9 13 16 17 20 21
3 4 6 8 9 10 11
9
11 16 18 23 27 32 37 42 46
3 11 16 17 18 21 26 31 35
21 31 35 36 43 51 55 60 62
12 17 19 26 31 37 41 45 51
11 22 27 31 33 34 40 43 45
14 25 32 37 41 46 49 51 53
26 35 36 40 45 53 58 61 63
16 30 37 41 46 51 52 55 58
26 36 46 51 54 59 61 62 63
6 11 12 17 22 25 30 34 36
17 26 31 35 40 49 52 59 61
2 6 11 12 15 16 17 21 26
15 18 22 28 33 41 46 51 54
21 34 42 45 51 54 59 60 61
7 17 23 26 28 29 35 36 40
16 21 25 29 34 46 51 54 59
6 12 18 19 22 25 31 35 36
7
66 73 125 129 132 152 203
6 15 31 54 67 86 91
33 36 62 79 106 113 148
31 51 62 85 108 125 129
82 101 129 142 164 165 228
86 108 113 120 145 152 165
54 62 79 108 122 129 142
91 129 148 163 179 203 228
6 8 33 35 42 66 82
67 87 106 116 127 132 164
35 54 85 108 116 120 163
8 20 51 62 87 108 129
15 20 36 54 62 73 101
2
3 5
6 9
5 9
10
11 12 13 15 17 18 22 23 24 26
4 5 6 8 9 10 11 14 15 16
13 14 15 18 20 22 26 28 29 32
14 16 18 20 21 23 28 30 32 34
2 3 5 6 8 9 10 12 14 15
9 10 14 15 17 18 20 22 23 25
8 9 12 14 16 17 19 20 21 22
10 11 12 14 16 17 20 21 23 24
15 16 20 22 24 26 30 32 34 36
6 8 9 11 12 14 16 18 19 20
12 14 18 20 21 23 26 28 30 32
10 11 16 18 20 22 24 26 28 29
2 4 6 8 10 11 12 13 14 15
5 6 9 11 12 13 14 15 18 20
6 8 11 12 14 15 17 18 20 21
15 17 20 21 22 25 29 32 33 36
8 10 11 12 14 15 18 20 21 22
14 15 19 21 23 24 28 29 32 33
3 5 8 10 11 12 13 14 16 17
6
11 23 27 30 33 37
8 20 23 27 29 30
12 17 22 23 27 30
6 13 18 22 23 26
3 7 10 12 13 16
3 5 6 7 8 11
13 20 23 24 29 33
7 16 20 23 24 28
16 22 26 28 30 37
7 11 13 16 20 23
10 15 18 20 23 27
5
5 7 13 15 19
4 6 7 8 12
2 4 5 7 10
7 8 14 16 22
2 4 5 6 8
6 11 15 16 21
10 12 17 21 26
4 6 9 11 13
5 9 13 14 17
10
8 9 10 11 12 13 14 15 16 17
2 3 4 5 6 7 8 9 10 11
5 6 7 8 9 10 11 12 13 14
7 8 9 10 11 12 13 14 15 16
9 10 11 12 13 14 15 16 17 18
6 7 8 9 10 11 12 13 14 15
4 5 6 7 8 9 10 11 12 13
7 8 9 10 11 12 13 14 15 16
6 7 8 9 10 11 12 13 14 15
1 2 3 4 5 6 7 8 9 10
1 2 3 4 5 6 7 8 9 10
3 4 5 6 7 8 9 10 11 12
10 11 12 13 14 15 16 17 18 19
5 6 7 8 9 10 11 12 13 14
2 3 4 5 6 7 8 9 10 11
9 10 11 12 13 14 15 16 17 18
3 4 5 6 7 8 9 10 11 12
10 11 12 13 14 15 16 17 18 19
4 5 6 7 8 9 10 11 12 13
4
3 4 5 6
1 2 3 4
2 3 4 5
4 5 6 7
3 4 5 6
2 3 4 5
1 2 3 4
2
22 222
22 222
2 22
6
10 12 13 15 19 20
7 9 10 13 15 16
5 7 9 10 11 13
4 5 7 8 10 12
2 3 5 7 8 9
9 12 14 16 18 20
3 5 7 9 10 12
8 10 13 15 17 19
2 4 6 7 9 10
7 8 11 13 14 15
9 10 11 14 17 18
10
10 13 17 19 22 24 25 30 32 34
14 16 19 23 25 28 32 36 38 39
10 15 17 18 21 24 26 28 31 34
7 12 13 16 18 22 23 25 27 30
15 22 28 31 32 34 37 39 43 46
13 18 22 25 28 30 33 36 39 41
2 4 5 8 10 13 15 16 18 21
16 18 20 24 27 31 33 39 40 43
18 21 22 27 30 34 36 41 44 46
1 2 3 6 7 10 12 13 14 15
7 10 14 16 18 21 23 28 31 32
6 9 11 12 16 19 22 23 24 27
3 5 9 11 13 17 19 22 25 28
12 15 18 22 23 26 29 33 35 37
2 4 6 9 12 15 17 18 20 22
1 2 3 5 7 10 12 14 16 18
3 6 9 11 14 17 18 19 20 22
5 8 11 12 16 18 22 25 27 31
14 20 25 27 31 32 35 38 40 44
7
2 3 4 5 6 7 8
3 4 5 6 7 8 9
4 5 6 7 8 9 10
7 8 9 10 11 12 13
6 7 8 9 10 11 12
7 8 9 10 11 12 13
3 4 5 6 7 8 9
1 2 3 4 5 6 7
6 7 8 9 10 11 12
4 5 6 7 8 9 10
2 3 4 5 6 7 8
5 6 7 8 9 10 11
5 6 7 8 9 10 11
7
1 4 6 9 12 16 20
14 19 22 26 30 31 35
6 11 12 15 20 22 27
20 23 24 27 29 35 38
1 2 6 8 10 14 18
4 7 11 14 17 19 23
16 18 19 21 28 31 36
2 7 11 12 16 18 23
9 12 15 17 23 26 28
18 23 27 28 34 36 38
10 17 20 23 26 28 29
8 14 15 17 19 21 27
6 11 12 15 17 19 24
10
7 13 19 22 23 28 32 34 37 41
16 23 31 32 34 39 45 49 53 56
12 20 28 31 32 36 41 45 47 51
9 17 22 25 27 29 33 36 38 45
17 25 34 35 39 42 46 53 54 59
21 31 32 34 36 39 45 49 53 54
27 34 37 41 45 46 51 56 59 63
13 20 22 23 27 29 32 34 39 41
23 33 36 37 38 41 47 53 54 57
11 19 24 28 29 31 37 39 41 46
2 4 6 7 9 11 12 16 17 21
12 17 21 22 25 28 31 32 35 39
6 7 9 13 17 19 20 23 25 26
6 9 17 21 22 24 30 32 36 37
2 6 9 12 13 16 18 21 23 27
21 26 37 39 41 44 50 54 57 63
18 27 30 32 33 37 41 45 46 50
4 7 13 17 20 23 27 31 33 34
16 23 24 28 29 31 36 39 42 44
3
3 4 5
2 3 4
1 2 3
3 4 5
2 3 4
6
7 11 13 17 21 24
10 13 15 20 23 26
14 18 22 24 26 29
4 8 9 13 16 18
13 16 17 21 26 29
6 10 12 15 19 22
11 16 19 21 23 26
5 8 10 11 13 16
2 5 7 10 11 14
7 9 12 13 15 17
2 4 6 7 10 13
2
22 222
2 22
2 22
5
3 5 7 8 9
6 8 9 13 15
5 6 8 11 12
1 2 3 5 6
3 5 7 9 10
2 4 5 6 8
5 6 9 11 13
1 2 3 5 6
6 7 10 12 15
3
13 14 19
7 10 14
8 10 12
8 12 19
3 7 8
7
22 25 26 29 30 32 34
6 11 15 18 20 21 32
5 10 14 17 19 20 30
23 24 27 28 31 33 34
1 2 3 4 5 6 23
3 8 12 13 14 15 26
1 2 3 4 5 6 22
5 10 14 17 19 20 31
4 9 13 16 17 18 28
2 7 8 9 10 11 25
4 9 13 16 17 18 29
3 8 12 13 14 15 27
6 11 15 18 20 21 33
2
5 6
5 7
7 10
2
2 6
6 8
4 8
6
7 12 13 15 16 19
1 3 4 5 6 7
3 4 6 8 10 12
4 6 7 10 12 14
10 13 14 16 18 19
6 10 12 13 15 18
5 6 7 9 12 13
1 3 5 7 9 10
7 8 10 12 13 15
9 11 12 13 15 16
5 8 9 12 13 16
4
3 5 6 7
5 8 9 15
5 8 11 15
12 15 18 22
7 15 18 22
3 5 8 12
8 9 15 18
7
29 30 31 32 33 34 35
6 13 20 27 34 41 48
15 16 17 18 19 20 21
1 2 3 4 5 6 7
2 9 16 23 30 37 44
4 11 18 25 32 39 46
3 10 17 24 31 38 45
36 37 38 39 40 41 42
7 14 21 28 35 42 49
43 44 45 46 47 48 49
5 12 19 26 33 40 47
22 23 24 25 26 27 28
8 9 10 11 12 13 14
3
3 8 15
6 9 18
2 3 6
5 8 9
2 5 10
10
5 9 11 15 16 17 22 24 26 27
15 16 20 26 28 31 37 38 43 50
3 5 9 12 15 16 19 22 23 25
11 17 21 23 26 30 33 35 38 41
19 22 26 33 34 38 43 47 51 53
16 17 24 30 32 36 39 40 45 52
5 9 13 17 18 20 23 25 27 29
17 27 38 40 43 45 51 55 57 61
15 23 32 34 37 39 43 45 46 49
9 13 16 18 20 24 26 30 32 36
25 27 36 41 44 48 49 56 61 64
22 24 30 35 38 40 45 49 55 57
23 26 32 38 41 45 46 53 57 61
12 15 18 23 26 30 34 36 40 46
9 11 16 21 25 28 32 35 38 42
12 18 25 26 28 32 34 38 41 44
3 5 9 11 12 13 15 16 17 20
16 25 35 36 38 40 47 49 53 56
13 20 28 30 31 36 38 40 45 48
3
1 2 3
3 4 5
3 4 5
2 3 4
1 2 3
7
3 6 8 9 10 12 14
14 17 24 27 28 32 35
10 14 18 19 23 25 28
9 12 15 17 20 22 25
4 8 11 12 14 15 17
12 14 17 20 23 26 28
12 15 21 24 26 29 32
8 11 14 16 17 19 21
7 11 14 15 18 21 24
16 19 21 25 28 32 35
9 12 16 17 19 24 27
3 4 7 9 12 14 16
6 8 11 12 14 15 19
6
10 17 21 24 25 30
13 19 24 26 30 32
14 20 28 29 35 40
19 28 30 32 40 43
7 12 14 19 23 28
14 19 24 26 29 35
5 7 10 13 14 19
6 12 17 19 20 21
5 6 11 14 15 19
11 14 21 24 28 30
15 23 25 30 35 39
2
2 4
2 6
4 8
2
2 4
6 8
2 6
4
2 6 10 14
3 7 11 15
4 8 12 16
1 2 3 4
5 6 7 8
1 5 9 13
13 14 15 16
2
4 8
6 8
2 4
10
91 92 93 94 95 96 97 98 99 100
1 2 3 4 5 6 7 8 9 10
5 15 25 35 45 55 65 75 85 95
81 82 83 84 85 86 87 88 89 90
41 42 43 44 45 46 47 48 49 50
51 52 53 54 55 56 57 58 59 60
6 16 26 36 46 56 66 76 86 96
61 62 63 64 65 66 67 68 69 70
4 14 24 34 44 54 64 74 84 94
21 22 23 24 25 26 27 28 29 30
10 20 30 40 50 60 70 80 90 100
3 13 23 33 43 53 63 73 83 93
2 12 22 32 42 52 62 72 82 92
7 17 27 37 47 57 67 77 87 97
11 12 13 14 15 16 17 18 19 20
31 32 33 34 35 36 37 38 39 40
9 19 29 39 49 59 69 79 89 99
8 18 28 38 48 58 68 78 88 98
1 11 21 31 41 51 61 71 81 91
10
13 18 20 24 28 30 37 41 43 47
30 31 37 42 43 44 49 57 58 61
20 23 28 33 37 42 45 46 49 55
20 24 29 33 34 38 45 47 48 56
4 7 11 15 18 23 24 27 31 35
10 15 17 20 24 28 33 37 42 43
21 28 32 35 41 45 47 52 57 58
15 21 24 27 30 36 38 43 44 50
25 27 34 37 42 43 46 52 54 60
6 7 8 15 17 21 23 28 29 34
12 17 20 24 28 31 34 42 43 45
3 6 9 10 13 16 20 25 30 33
16 23 26 28 31 36 42 45 47 51
9 11 13 17 20 24 28 32 37 42
33 35 38 43 45 50 55 58 62 66
3 4 7 10 12 15 20 21 23 24
24 34 42 44 47 51 56 60 61 66
10 15 18 20 24 27 33 35 39 44
23 29 37 39 43 47 48 54 58 62
7
8 12 14 16 18 20 22
2 5 6 8 9 11 13
7 9 13 15 17 18 19
7 10 12 14 17 18 19
1 3 4 5 7 9 11
5 8 11 12 14 16 17
10 14 16 17 19 21 23
11 13 15 17 19 22 23
1 2 4 5 7 8 10
9 11 14 16 18 20 21
3 5 7 8 10 12 14
4 7 9 11 13 14 15
5 8 11 12 15 16 17
10
7 15 22 28 33 37 40 41 42 59
4 12 19 25 26 27 28 29 30 53
9 17 24 30 35 39 42 44 45 63
1 2 3 4 5 6 7 8 9 47
46 48 51 53 55 56 59 61 62 64
6 14 21 27 32 36 37 38 39 56
8 16 23 29 34 38 41 43 44 61
4 12 19 25 26 27 28 29 30 52
5 13 20 26 31 32 33 34 35 54
7 15 22 28 33 37 40 41 42 58
3 11 18 19 20 21 22 23 24 50
47 49 50 52 54 57 58 60 63 64
2 10 11 12 13 14 15 16 17 49
1 2 3 4 5 6 7 8 9 46
6 14 21 27 32 36 37 38 39 57
3 11 18 19 20 21 22 23 24 51
9 17 24 30 35 39 42 44 45 62
2 10 11 12 13 14 15 16 17 48
5 13 20 26 31 32 33 34 35 55
4
4 5 6 9
7 8 10 11
2 4 5 7
2 4 6 7
5 6 8 10
7 9 10 11
6 7 8 10
7
23 24 34 41 46 51 55
12 18 24 26 27 33 38
18 23 33 37 39 43 46
17 21 29 33 36 39 42
10 16 20 21 26 29 35
19 30 35 38 42 46 55
15 28 29 33 39 43 51
3 5 9 12 13 15 19
5 13 16 18 21 23 24
9 17 20 24 29 33 34
13 23 26 27 36 39 46
8 13 17 19 23 28 30
3 8 10 12 17 18 23
10
10 14 17 18 21 23 25 27 29 33
19 21 24 25 29 31 33 36 37 42
13 16 20 23 25 26 29 31 34 38
1 3 6 9 10 11 13 16 19 22
10 13 14 19 21 24 25 26 31 33
6 9 10 14 17 18 20 21 26 28
8 11 14 17 19 20 23 24 25 30
16 18 22 24 27 28 31 33 36 39
22 24 27 30 33 36 38 40 41 43
6 9 10 12 14 18 20 22 24 27
19 24 28 31 33 35 38 39 42 43
14 16 20 22 25 27 29 31 33 38
4 6 9 10 13 15 16 18 21 24
1 4 6 8 10 12 14 17 18 19
18 23 26 28 31 33 34 36 37 41
3 6 9 11 14 15 16 20 23 24
11 15 18 20 23 25 27 30 33 35
17 20 21 24 26 30 31 33 36 40
12 15 18 21 24 25 26 28 31 36
4
7 8 13 14
6 9 12 14
3 4 7 8
1 2 5 7
4 5 10 13
5 7 10 12
2 4 5 9
3
3 4 5
2 3 4
1 2 3
2 3 4
1 2 3
10
22 43 55 65 93 114 122 128 148 160
72 93 109 110 123 154 179 211 233 258
138 164 179 219 258 279 284 291 305 317
12 21 35 49 72 77 101 119 122 147
35 55 60 72 102 122 138 167 175 179
49 65 71 93 122 147 156 187 194 219
119 128 143 176 201 214 237 262 276 291
122 148 161 183 206 223 251 275 296 305
78 101 122 147 154 168 177 214 223 236
114 163 175 194 233 240 252 276 296 301
147 160 182 205 215 236 271 277 301 317
81 121 138 156 179 201 203 237 251 271
101 122 140 162 174 177 203 239 252 284
104 142 167 187 211 215 239 262 275 277
77 114 134 136 153 168 201 215 240 279
50 56 72 93 110 136 162 176 183 205
12 22 34 50 53 78 81 104 114 138
21 43 52 56 79 101 121 142 163 164
34 52 60 71 109 134 140 143 161 182
10
9 11 13 15 17 19 20 22 24 25
8 10 13 16 19 20 22 24 26 28
13 15 17 18 19 22 23 25 28 29
3 4 6 7 8 10 11 12 13 15
9 11 15 18 20 21 23 26 28 30
5 7 8 10 12 13 15 17 18 19
4 6 8 9 13 15 17 19 20 22
12 13 18 20 24 26 28 30 31 34
1 3 5 7 9 11 13 15 16 18
11 13 15 17 18 20 21 23 26 27
5 7 10 12 15 17 18 20 21 24
13 15 19 22 25 27 29 31 32 35
2 4 7 8 11 13 15 16 18 19
16 18 20 21 22 26 28 29 31 32
15 16 19 20 21 24 26 27 30 31
18 19 22 24 26 28 30 32 34 35
7 8 9 12 14 16 18 19 20 22
6 8 12 14 17 18 19 21 22 26
10 12 17 19 22 23 25 27 29 32
