Case #1: 3 4 6 
Case #2: 7 9 11 13 
Case #3: 39 52 83 106 
Case #4: 6 9 12 15 18 
Case #5: 8 12 16 19 21 24 25 
Case #6: 2 3 6 7 11 14 16 21 26 
Case #7: 42 62 108 122 127 145 179 
Case #8: 3 6 
Case #9: 12 13 14 17 19 20 24 26 28 30 
Case #10: 5 11 15 17 20 22 
Case #11: 8 13 19 22 26 
Case #12: 8 9 10 11 12 13 14 15 16 17 
Case #13: 4 5 6 7 
Case #14: 2 22 
Case #15: 6 7 9 11 13 14 
Case #16: 12 17 19 22 23 25 29 32 33 36 
Case #17: 1 2 3 4 5 6 7 
Case #18: 12 16 17 19 26 30 34 
Case #19: 9 13 17 19 22 24 28 31 34 37 
Case #20: 1 2 3 
Case #21: 10 13 15 17 20 21 
Case #22: 22 222 
Case #23: 2 4 5 6 7 
Case #24: 3 8 13 
Case #25: 2 7 8 9 10 11 24 
Case #26: 6 10 
Case #27: 2 4 
Case #28: 3 4 6 8 11 13 
Case #29: 6 11 15 18 
Case #30: 1 8 15 22 29 36 43 
Case #31: 10 15 18 
Case #32: 20 29 42 46 50 52 53 57 61 64 
Case #33: 2 3 4 
Case #34: 14 15 19 22 25 29 32 
Case #35: 19 21 30 35 39 43 
Case #36: 6 8 
Case #37: 4 8 
Case #38: 9 10 11 12 
Case #39: 2 6 
Case #40: 71 72 73 74 75 76 77 78 79 80 
Case #41: 7 8 13 18 20 26 29 34 37 38 
Case #42: 4 6 9 11 12 14 16 
Case #43: 8 16 23 29 34 38 41 43 44 60 
Case #44: 4 5 7 8 
Case #45: 12 19 21 26 33 37 41 
Case #46: 9 10 12 17 18 21 22 24 28 31 
Case #47: 1 3 4 6 
Case #48: 3 4 5 
Case #49: 53 79 102 122 123 153 174 201 206 215 
Case #50: 1 2 4 5 6 8 9 10 12 13 
