Case #1: 3 4 6 
Case #2: 2 6 9 10 12 15 16 
Case #3: 2 4 5 6 
Case #4: 19 21 22 25 27 29 32 34 36 40 41 44 46 
Case #5: 1 2 3 
Case #6: 17 21 24 28 30 31 33 34 37 40 42 44 45 46 49 51 53 
Case #7: 6 8 
Case #8: 2 3 4 
Case #9: 45 50 56 58 60 61 67 70 76 77 80 82 85 92 94 97 100 102 105 106 111 114 116 118 119 121 124 127 130 131 137 140 141 142 143 146 150 152 153 159 162 164 166 168 173 174 176 179 182 184 
Case #10: 22 222 
Case #11: 38 42 43 44 49 51 53 55 57 58 61 62 63 66 68 69 72 73 74 76 79 81 82 86 89 
Case #12: 86 117 118 157 174 189 208 
Case #13: 4 7 11 14 
Case #14: 9 17 24 30 35 39 42 44 45 62 
Case #15: 16 17 24 27 28 32 36 38 40 44 46 47 52 55 57 64 
Case #16: 7 8 9 11 13 15 17 
Case #17: 13 14 15 16 17 18 19 20 21 22 23 24 25 26 27 28 29 30 31 32 33 34 35 36 37 
Case #18: 12 35 57 78 98 117 135 152 168 183 197 210 211 212 213 214 215 216 217 218 219 220 221 222 323 
Case #19: 31 79 126 172 217 261 304 346 387 427 466 504 541 577 612 646 679 711 742 772 801 829 856 882 907 931 954 976 997 1017 1036 1037 1038 1039 1040 1041 1042 1043 1044 1045 1046 1047 1048 1049 1050 1051 1052 1053 1054 1287 
Case #20: 3 5 6 12 
Case #21: 23 29 30 35 36 38 43 46 49 50 
Case #22: 47 97 147 197 247 297 347 397 447 497 547 597 647 697 747 797 847 897 947 997 1047 1097 1147 1197 1247 1297 1347 1397 1447 1497 1547 1597 1647 1697 1747 1797 1847 1897 1947 1997 2047 2097 2147 2197 2247 2297 2347 2397 2447 2497 
Case #23: 2 22 
Case #24: 104 132 148 180 196 222 254 273 279 300 308 359 368 388 404 413 424 443 468 507 512 540 562 587 611 622 647 650 675 698 713 715 742 753 765 772 774 806 811 825 832 856 873 898 899 928 942 959 980 984 
Case #25: 1 6 7 10 12 17 19 23 27 28 33 35 38 43 47 48 51 55 
Case #26: 37 38 40 41 45 48 49 52 53 54 57 58 60 62 66 67 69 71 72 74 76 78 79 80 
Case #27: 3 4 5 
Case #28: 49 50 51 52 53 54 55 56 57 58 59 60 61 62 63 64 65 66 67 68 69 70 71 72 73 74 75 76 77 78 79 80 81 82 83 84 85 86 87 88 89 90 91 92 93 94 95 96 97 98 
Case #29: 6 7 8 9 10 11 12 
Case #30: 40 45 47 51 53 58 61 65 68 72 74 78 80 82 83 87 88 92 95 96 99 101 105 106 107 
Case #31: 26 42 58 78 
Case #32: 2 4 
Case #33: 5 6 7 8 
Case #34: 5 6 8 9 13 15 16 17 18 20 
Case #35: 6 16 26 36 46 56 66 76 86 96 
Case #36: 29 30 31 32 33 34 35 
Case #37: 7 12 15 23 27 31 35 40 44 49 54 56 61 64 67 69 70 
Case #38: 4 8 
Case #39: 20 25 33 38 43 49 57 60 61 66 69 74 77 84 89 91 95 96 98 103 110 
Case #40: 12 15 19 20 26 29 31 34 35 37 40 43 46 49 52 55 56 59 61 63 65 66 
Case #41: 5 10 14 17 19 20 30 
Case #42: 23 48 73 98 123 148 173 198 223 248 273 298 323 348 373 398 423 448 473 498 523 548 573 598 623 
Case #43: 94 144 174 191 205 227 235 265 286 296 305 339 373 394 411 414 429 454 477 494 516 539 541 551 572 
Case #44: 33 37 46 49 52 54 57 67 74 77 81 85 92 100 103 108 
Case #45: 13 16 17 18 21 22 25 26 28 29 31 32 34 36 37 
Case #46: 2 6 
Case #47: 55 61 64 68 71 72 73 77 80 81 84 85 88 89 90 94 95 98 100 101 103 105 108 109 111 115 119 120 123 125 126 130 131 134 135 137 139 141 143 145 148 150 152 153 154 156 157 158 159 162 
Case #48: 45 78 107 127 136 153 175 197 206 211 
Case #49: 3 4 5 6 
Case #50: 9 10 11 12 13 14 15 16 17 18 
