100
132
1000
7
111111111111111110
949975349403908273
549
989999999999
613816824892573305
711111223356688890
612345566890
1122222122345568
961539682793800639
511224447888
684
611358860460343715
3112345566778899
549999999999999999
939786883566
813723379022625635
24
928819747021726763
533333444445899999
71123345577888900
5141
222334444443
11134444413778899
938383283801516956
345219283683127541
34
162303517215953430
714
742181723991886706
111111111222222221
1345678888156789
1111111222222221
531361284094913773
191069273331170570
1111111111111103
91455752681771738
3124445667888898
228672628488897587
4000223335666799
958586753762144119
111333455677777749
611112344577778888
320
11133444566624889
5468
44177177446697836
5499
2344456772366799
291947459211760624
1
496300346968367580
61112333445666789
747779492069841741
82
65999999999999999
11123444553357899
503
236506667173499400
4368
962688752509647658
3347
569
21
250263161236852187
843458708674538627
4122345555566679
11111111111111110
893474347744973454
111111111108
222370549347372410
8799999999999999
5624
112344444274
380206617638893361
1221
81122344666677888
5
135566608600
634456778899
112223331112255889
1000000000000000000
999999999999999999
340432304513917845
87
731827612067536368
815634554645869487
705241613794172808
115666063914288693
224906129597704653
11123333334444424
241692465796
856457344143511606
476319565660306447
233470066778
922386313062354327
211222233455677788
4755566666677889
