100
2 3 2
1 1 1
2 1 2
3 2 3
4 4 4
3 3 3
4 3 4
31 8 31
3 1 3
10 2 10
50 10 50
86 4 86
59 2 59
2 44 2
6 5 6
14 7 14
96 5 96
11 17 11
51 10 51
6 11 6
50 2 50
1 100 1
81 8 81
86 1 86
100 9 100
98 1 98
19 3 19
11 7 11
32 11 32
73 6 73
5 5 5
1 47 1
1 46 1
68 5 68
46 6 46
10 18 10
13 13 13
75 7 75
2 21 2
100 4 100
30 12 30
93 7 93
3 37 3
11 8 11
100 1 100
6 22 6
100 2 100
2 59 2
95 1 95
1 2 1
88 9 88
58 4 58
2 4 2
51 1 51
72 4 72
1 21 1
74 3 74
81 6 81
34 2 34
100 3 100
1 11 1
1 4 1
85 3 85
96 8 96
24 11 24
92 7 92
31 7 31
4 1 4
32 5 32
57 6 57
38 10 38
2 2 2
43 7 43
24 9 24
91 8 91
1 22 1
10 5 10
4 29 4
13 5 13
51 5 51
2 40 2
87 3 87
80 8 80
16 1 16
85 7 85
13 8 13
7 1 7
3 4 3
2 5 2
14 4 14
17 12 17
11 15 11
85 6 85
4 2 4
1 49 1
5 22 5
10 11 10
16 14 16
31 1 31
1 3 1
