Case #1: 1 5 
Case #2: 1 
Case #3: 1 2 
Case #4: 1 4 7 
Case #5: 1 65 129 193 
Case #6: 1 10 19 
Case #7: 1 17 33 49 
Case #8: 1 27512614112 55025228223 82537842334 110050456445 137563070556 165075684667 192588298778 220100912889 247613527000 275126141111 302638755222 330151369333 357663983444 385176597555 412689211666 440201825777 467714439888 495227053999 522739668110 550252282221 577764896332 605277510443 632790124554 660302738665 687815352776 715327966887 742840580998 770353195109 797865809220 825378423331 
Case #9: 1 2 3 
Case #10: 1 11 21 31 41 51 61 71 81 91 
Case #11: 1 1953125000000001 3906250000000001 5859375000000001 7812500000000001 9765625000000001 11718750000000001 13671875000000001 15625000000000001 17578125000000001 19531250000000001 21484375000000001 23437500000000001 25390625000000001 27343750000000001 29296875000000001 31250000000000001 33203125000000001 35156250000000001 37109375000000001 39062500000000001 41015625000000001 42968750000000001 44921875000000001 46875000000000001 48828125000000001 50781250000000001 52734375000000001 54687500000000001 56640625000000001 58593750000000001 60546875000000001 62500000000000001 64453125000000001 66406250000000001 68359375000000001 70312500000000001 72265625000000001 74218750000000001 76171875000000001 78125000000000001 80078125000000001 82031250000000001 83984375000000001 85937500000000001 87890625000000001 89843750000000001 91796875000000001 93750000000000001 95703125000000001 
Case #12: 1 636057 1272113 1908169 2544225 3180281 3816337 4452393 5088449 5724505 6360561 6996617 7632673 8268729 8904785 9540841 10176897 10812953 11449009 12085065 12721121 13357177 13993233 14629289 15265345 15901401 16537457 17173513 17809569 18445625 19081681 19717737 20353793 20989849 21625905 22261961 22898017 23534073 24170129 24806185 25442241 26078297 26714353 27350409 27986465 28622521 29258577 29894633 30530689 31166745 31802801 32438857 33074913 33710969 34347025 34983081 35619137 36255193 36891249 37527305 38163361 38799417 39435473 40071529 40707585 41343641 41979697 42615753 43251809 43887865 44523921 45159977 45796033 46432089 47068145 47704201 48340257 48976313 49612369 50248425 50884481 51520537 52156593 52792649 53428705 54064761 
Case #13: 1 60 119 178 237 296 355 414 473 532 591 650 709 768 827 886 945 1004 1063 1122 1181 1240 1299 1358 1417 1476 1535 1594 1653 1712 1771 1830 1889 1948 2007 2066 2125 2184 2243 2302 2361 2420 2479 2538 2597 2656 2715 2774 2833 2892 2951 3010 3069 3128 3187 3246 3305 3364 3423 
Case #14: 1 8796093022209 
Case #15: 1 1297 2593 3889 5185 6481 
Case #16: 1 7529537 15059073 22588609 30118145 37647681 45177217 52706753 60236289 67765825 75295361 82824897 90354433 97883969 
Case #17: 1 84934657 169869313 254803969 339738625 424673281 509607937 594542593 679477249 764411905 849346561 934281217 1019215873 1104150529 1189085185 1274019841 1358954497 1443889153 1528823809 1613758465 1698693121 1783627777 1868562433 1953497089 2038431745 2123366401 2208301057 2293235713 2378170369 2463105025 2548039681 2632974337 2717908993 2802843649 2887778305 2972712961 3057647617 3142582273 3227516929 3312451585 3397386241 3482320897 3567255553 3652190209 3737124865 3822059521 3906994177 3991928833 4076863489 4161798145 4246732801 4331667457 4416602113 4501536769 4586471425 4671406081 4756340737 4841275393 4926210049 5011144705 5096079361 5181014017 5265948673 5350883329 5435817985 5520752641 5605687297 5690621953 5775556609 5860491265 5945425921 6030360577 6115295233 6200229889 6285164545 6370099201 6455033857 6539968513 6624903169 6709837825 6794772481 6879707137 6964641793 7049576449 7134511105 7219445761 7304380417 7389315073 7474249729 7559184385 7644119041 7729053697 7813988353 7898923009 7983857665 8068792321 
Case #18: 1 45949729863572161 91899459727144321 137849189590716481 183798919454288641 229748649317860801 275698379181432961 321648109045005121 367597838908577281 413547568772149441 459497298635721601 
Case #19: 1 2334165173090452 4668330346180903 7002495519271354 9336660692361805 11670825865452256 14004991038542707 16339156211633158 18673321384723609 21007486557814060 23341651730904511 25675816903994962 28009982077085413 30344147250175864 32678312423266315 35012477596356766 37346642769447217 39680807942537668 42014973115628119 44349138288718570 46683303461809021 49017468634899472 51351633807989923 53685798981080374 56019964154170825 58354129327261276 60688294500351727 63022459673442178 65356624846532629 67690790019623080 70024955192713531 72359120365803982 74693285538894433 77027450711984884 79361615885075335 81695781058165786 84029946231256237 86364111404346688 88698276577437139 91032441750527590 93366606923618041 95700772096708492 98034937269798943 100369102442889394 102703267615979845 105037432789070296 107371597962160747 109705763135251198 112039928308341649 114374093481432100 116708258654522551 119042423827613002 
Case #20: 1 60466177 120932353 181398529 241864705 302330881 
Case #21: 1 51 101 151 201 251 301 351 401 451 501 551 601 651 701 751 801 851 901 951 1001 1051 1101 1151 1201 1251 1301 1351 1401 1451 1501 1551 1601 1651 1701 1751 1801 1851 1901 1951 2001 2051 2101 2151 2201 2251 2301 2351 2401 2451 
Case #22: 1 
Case #23: 1 22876792454962 45753584909923 68630377364884 91507169819845 114383962274806 137260754729767 160137547184728 183014339639689 205891132094650 228767924549611 251644717004572 274521509459533 297398301914494 320275094369455 343151886824416 366028679279377 388905471734338 411782264189299 434659056644260 457535849099221 480412641554182 503289434009143 526166226464104 549043018919065 571919811374026 594796603828987 617673396283948 640550188738909 663426981193870 686303773648831 709180566103792 732057358558753 754934151013714 777810943468675 800687735923636 823564528378597 846441320833558 869318113288519 892194905743480 915071698198441 937948490653402 960825283108363 983702075563324 1006578868018285 1029455660473246 1052332452928207 1075209245383168 1098086037838129 1120962830293090 1143839622748051 1166716415203012 1189593207657973 1212470000112934 1235346792567895 1258223585022856 1281100377477817 1303977169932778 1326853962387739 1349730754842700 1372607547297661 1395484339752622 1418361132207583 1441237924662544 1464114717117505 1486991509572466 1509868302027427 1532745094482388 1555621886937349 1578498679392310 1601375471847271 1624252264302232 1647129056757193 1670005849212154 1692882641667115 1715759434122076 1738636226577037 1761513019031998 1784389811486959 1807266603941920 1830143396396881 
Case #24: 1 2 3 4 5 6 7 8 9 10 11 12 13 14 15 16 17 18 19 20 21 22 23 24 25 26 27 28 29 30 31 32 33 34 35 36 37 38 39 40 41 42 43 44 45 46 47 48 49 50 51 52 53 54 55 56 57 58 59 60 61 62 63 64 65 66 67 68 69 70 71 72 73 74 75 76 77 78 79 80 81 82 83 84 85 86 
Case #25: 1 10000000000000001 20000000000000001 30000000000000001 40000000000000001 50000000000000001 60000000000000001 70000000000000001 80000000000000001 90000000000000001 100000000000000001 110000000000000001 120000000000000001 130000000000000001 140000000000000001 150000000000000001 160000000000000001 170000000000000001 180000000000000001 190000000000000001 200000000000000001 210000000000000001 220000000000000001 230000000000000001 240000000000000001 250000000000000001 260000000000000001 270000000000000001 280000000000000001 290000000000000001 300000000000000001 310000000000000001 320000000000000001 330000000000000001 340000000000000001 350000000000000001 360000000000000001 370000000000000001 380000000000000001 390000000000000001 400000000000000001 410000000000000001 420000000000000001 430000000000000001 440000000000000001 450000000000000001 460000000000000001 470000000000000001 480000000000000001 490000000000000001 500000000000000001 510000000000000001 520000000000000001 530000000000000001 540000000000000001 550000000000000001 560000000000000001 570000000000000001 580000000000000001 590000000000000001 600000000000000001 610000000000000001 620000000000000001 630000000000000001 640000000000000001 650000000000000001 660000000000000001 670000000000000001 680000000000000001 690000000000000001 700000000000000001 710000000000000001 720000000000000001 730000000000000001 740000000000000001 750000000000000001 760000000000000001 770000000000000001 780000000000000001 790000000000000001 800000000000000001 810000000000000001 820000000000000001 830000000000000001 840000000000000001 850000000000000001 860000000000000001 870000000000000001 880000000000000001 890000000000000001 900000000000000001 910000000000000001 920000000000000001 930000000000000001 940000000000000001 950000000000000001 960000000000000001 970000000000000001 980000000000000001 990000000000000001 
Case #26: 1 2 3 4 5 6 7 8 9 10 11 12 13 14 15 16 17 18 19 20 21 22 23 24 25 26 27 28 29 30 31 32 33 34 35 36 37 38 39 40 41 42 43 44 45 46 47 48 49 50 51 52 53 54 55 56 57 58 59 60 61 62 63 64 65 66 67 68 69 70 71 72 73 74 75 76 77 78 79 80 81 82 83 84 85 86 87 88 89 90 91 92 93 94 95 96 97 98 
Case #27: 1 362 723 1084 1445 1806 2167 2528 2889 3250 3611 3972 4333 4694 5055 5416 5777 6138 6499 
Case #28: 1 1771562 3543123 5314684 7086245 8857806 10629367 12400928 14172489 15944050 17715611 
Case #29: 1 1125899906842625 2251799813685249 3377699720527873 4503599627370497 5629499534213121 6755399441055745 7881299347898369 9007199254740993 10133099161583617 11258999068426241 12384898975268865 13510798882111489 14636698788954113 15762598695796737 16888498602639361 18014398509481985 19140298416324609 20266198323167233 21392098230009857 22517998136852481 23643898043695105 24769797950537729 25895697857380353 27021597764222977 28147497671065601 29273397577908225 30399297484750849 31525197391593473 32651097298436097 33776997205278721 34902897112121345 
Case #30: 1 2073071594 4146143187 6219214780 8292286373 10365357966 12438429559 14511501152 16584572745 18657644338 20730715931 22803787524 24876859117 26949930710 29023002303 31096073896 33169145489 35242217082 37315288675 39388360268 41461431861 43534503454 45607575047 47680646640 49753718233 51826789826 53899861419 55972933012 58046004605 60119076198 62192147791 64265219384 66338290977 68411362570 70484434163 72557505756 74630577349 76703648942 78776720535 80849792128 82922863721 84995935314 87069006907 89142078500 91215150093 93288221686 95361293279 97434364872 99507436465 101580508058 103653579651 105726651244 107799722837 109872794430 111945866023 114018937616 116092009209 118165080802 120238152395 122311223988 124384295581 126457367174 128530438767 130603510360 132676581953 134749653546 136822725139 138895796732 140968868325 143041939918 145115011511 147188083104 149261154697 
Case #31: 1 626 1251 1876 2501 
Case #32: 1 
Case #33: 1 
Case #34: 1 21381377 42762753 64144129 85525505 106906881 128288257 149669633 171051009 192432385 213813761 235195137 256576513 277957889 299339265 320720641 342102017 363483393 384864769 406246145 427627521 449008897 470390273 491771649 513153025 534534401 555915777 577297153 598678529 620059905 641441281 662822657 684204033 705585409 726966785 748348161 769729537 791110913 812492289 833873665 855255041 876636417 898017793 919399169 940780545 962161921 983543297 1004924673 1026306049 1047687425 1069068801 1090450177 1111831553 1133212929 1154594305 1175975681 1197357057 1218738433 1240119809 1261501185 1282882561 1304263937 1325645313 1347026689 1368408065 1389789441 1411170817 1432552193 
Case #35: 1 205962977 411925953 617888929 823851905 1029814881 1235777857 1441740833 1647703809 1853666785 2059629761 2265592737 2471555713 2677518689 2883481665 3089444641 3295407617 3501370593 3707333569 3913296545 4119259521 4325222497 4531185473 4737148449 4943111425 5149074401 5355037377 5561000353 5766963329 5972926305 6178889281 6384852257 6590815233 6796778209 7002741185 7208704161 7414667137 7620630113 7826593089 8032556065 8238519041 8444482017 8650444993 8856407969 9062370945 9268333921 
Case #36: 1 100000000000000001 200000000000000001 300000000000000001 400000000000000001 500000000000000001 600000000000000001 700000000000000001 800000000000000001 900000000000000001 
Case #37: 1 23298085122482 46596170244963 69894255367444 93192340489925 116490425612406 139788510734887 163086595857368 186384680979849 209682766102330 232980851224811 256278936347292 279577021469773 
Case #38: 1 177978515626 355957031251 533935546876 711914062501 889892578126 1067871093751 1245849609376 1423828125001 1601806640626 1779785156251 1957763671876 2135742187501 2313720703126 2491699218751 2669677734376 2847656250001 3025634765626 3203613281251 3381591796876 3559570312501 3737548828126 3915527343751 4093505859376 4271484375001 4449462890626 4627441406251 4805419921876 4983398437501 5161376953126 5339355468751 5517333984376 5695312500001 5873291015626 6051269531251 6229248046876 6407226562501 6585205078126 6763183593751 6941162109376 7119140625001 7297119140626 7475097656251 7653076171876 7831054687501 8009033203126 8187011718751 8364990234376 8542968750001 8720947265626 8898925781251 9076904296876 9254882812501 9432861328126 9610839843751 9788818359376 9966796875001 10144775390626 10322753906251 10500732421876 10678710937501 10856689453126 11034667968751 11212646484376 11390625000001 11568603515626 11746582031251 11924560546876 12102539062501 12280517578126 12458496093751 12636474609376 12814453125001 12992431640626 13170410156251 
Case #39: 1 1048577 
Case #40: 1 1000001 2000001 3000001 4000001 5000001 6000001 7000001 8000001 9000001 10000001 11000001 12000001 13000001 14000001 15000001 16000001 17000001 18000001 19000001 20000001 21000001 22000001 23000001 24000001 25000001 26000001 27000001 28000001 29000001 30000001 31000001 32000001 33000001 34000001 35000001 36000001 37000001 38000001 39000001 40000001 41000001 42000001 43000001 44000001 45000001 46000001 47000001 48000001 49000001 50000001 51000001 52000001 53000001 54000001 55000001 56000001 57000001 58000001 59000001 60000001 61000001 62000001 63000001 64000001 65000001 66000001 67000001 68000001 69000001 70000001 71000001 72000001 73000001 74000001 75000001 76000001 77000001 78000001 79000001 80000001 81000001 82000001 83000001 84000001 85000001 86000001 87000001 88000001 89000001 90000001 91000001 92000001 93000001 94000001 95000001 96000001 97000001 98000001 99000001 
Case #41: 1 17714700000000001 35429400000000001 53144100000000001 70858800000000001 88573500000000001 106288200000000001 124002900000000001 141717600000000001 159432300000000001 177147000000000001 194861700000000001 212576400000000001 230291100000000001 248005800000000001 265720500000000001 283435200000000001 301149900000000001 318864600000000001 336579300000000001 354294000000000001 372008700000000001 389723400000000001 407438100000000001 425152800000000001 442867500000000001 460582200000000001 478296900000000001 496011600000000001 513726300000000001 
Case #42: 1 646990183450 1293980366899 1940970550348 2587960733797 3234950917246 3881941100695 4528931284144 5175921467593 5822911651042 6469901834491 7116892017940 7763882201389 8410872384838 9057862568287 9704852751736 10351842935185 10998833118634 11645823302083 12292813485532 12939803668981 13586793852430 14233784035879 14880774219328 15527764402777 16174754586226 16821744769675 17468734953124 18115725136573 18762715320022 19409705503471 20056695686920 20703685870369 21350676053818 21997666237267 22644656420716 23291646604165 23938636787614 24585626971063 25232617154512 25879607337961 26526597521410 27173587704859 27820577888308 28467568071757 29114558255206 29761548438655 30408538622104 31055528805553 31702518989002 32349509172451 32996499355900 33643489539349 34290479722798 34937469906247 35584460089696 36231450273145 36878440456594 37525430640043 38172420823492 38819411006941 39466401190390 40113391373839 40760381557288 41407371740737 42054361924186 42701352107635 43348342291084 43995332474533 44642322657982 45289312841431 45936303024880 46583293208329 47230283391778 47877273575227 48524263758676 49171253942125 49818244125574 50465234309023 51112224492472 51759214675921 52406204859370 53053195042819 53700185226268 54347175409717 54994165593166 55641155776615 56288145960064 56935136143513 57582126326962 58229116510411 58876106693860 59523096877309 
Case #43: 1 150094635296999137 300189270593998273 
Case #44: 1 19487172 38974343 58461514 77948685 97435856 116923027 136410198 155897369 175384540 194871711 
Case #45: 1 2 3 4 5 6 7 8 9 10 11 12 13 14 15 16 17 18 19 20 21 22 23 24 25 26 27 28 29 30 31 32 33 34 35 36 37 38 39 40 41 42 43 44 45 46 47 48 49 50 51 52 53 54 55 56 57 58 59 60 61 62 63 64 65 66 67 68 69 70 71 72 73 74 75 76 77 78 79 80 81 82 83 84 85 86 87 88 89 90 91 92 93 94 95 96 97 98 99 100 
Case #46: 1 21936950640377857 43873901280755713 65810851921133569 87747802561511425 109684753201889281 
Case #47: 1 101 201 301 401 501 601 701 801 901 1001 1101 1201 1301 1401 1501 1601 1701 1801 1901 2001 2101 2201 2301 2401 2501 2601 2701 2801 2901 3001 3101 3201 3301 3401 3501 3601 3701 3801 3901 4001 4101 4201 4301 4401 4501 4601 4701 4801 4901 5001 5101 5201 5301 5401 5501 5601 5701 5801 5901 6001 6101 6201 6301 6401 6501 6601 6701 6801 6901 7001 7101 7201 7301 7401 7501 7601 7701 7801 7901 8001 8101 8201 8301 8401 8501 8601 8701 8801 8901 9001 9101 9201 9301 9401 9501 9601 9701 9801 9901 
Case #48: 1 288230376151711745 
Case #49: 1 2 3 4 5 6 7 8 9 10 11 12 13 14 15 16 17 18 19 20 21 22 23 24 25 26 27 28 29 30 31 32 33 34 35 36 37 38 39 40 41 42 43 44 45 46 47 48 49 50 51 52 53 54 55 56 57 58 59 60 61 62 63 64 65 66 67 68 69 70 71 72 73 74 75 76 77 78 79 80 81 82 83 84 85 86 87 88 89 90 91 92 93 94 95 
Case #50: 1 
Case #51: 1 3596345248055297 7192690496110593 10789035744165889 14385380992221185 17981726240276481 21578071488331777 25174416736387073 28770761984442369 32367107232497665 35963452480552961 39559797728608257 43156142976663553 46752488224718849 50348833472774145 53945178720829441 57541523968884737 61137869216940033 64734214464995329 68330559713050625 71926904961105921 75523250209161217 79119595457216513 82715940705271809 86312285953327105 89908631201382401 93504976449437697 97101321697492993 100697666945548289 104294012193603585 107890357441658881 111486702689714177 115083047937769473 118679393185824769 122275738433880065 125872083681935361 129468428929990657 133064774178045953 136661119426101249 140257464674156545 143853809922211841 147450155170267137 151046500418322433 154642845666377729 158239190914433025 161835536162488321 165431881410543617 169028226658598913 172624571906654209 176220917154709505 179817262402764801 183413607650820097 187009952898875393 190606298146930689 194202643394985985 197798988643041281 201395333891096577 204991679139151873 208588024387207169 212184369635262465 215780714883317761 219377060131373057 222973405379428353 226569750627483649 230166095875538945 233762441123594241 237358786371649537 240955131619704833 244551476867760129 248147822115815425 251744167363870721 255340512611926017 258936857859981313 262533203108036609 266129548356091905 269725893604147201 273322238852202497 276918584100257793 280514929348313089 284111274596368385 287707619844423681 291303965092478977 294900310340534273 298496655588589569 302093000836644865 305689346084700161 309285691332755457 312882036580810753 
Case #52: 1 195113 390225 585337 780449 975561 1170673 1365785 1560897 1756009 1951121 2146233 2341345 2536457 2731569 2926681 3121793 3316905 3512017 3707129 3902241 4097353 4292465 4487577 4682689 4877801 5072913 5268025 5463137 5658249 5853361 6048473 6243585 6438697 6633809 6828921 7024033 7219145 7414257 7609369 7804481 7999593 8194705 8389817 8584929 8780041 8975153 9170265 9365377 9560489 9755601 9950713 10145825 10340937 10536049 10731161 10926273 11121385 
Case #53: 1 9 
Case #54: 1 2 3 4 5 6 7 8 9 10 11 12 13 14 15 16 17 18 19 20 21 22 23 24 25 26 27 28 29 30 31 32 33 34 35 36 37 38 39 40 41 42 43 44 45 46 47 48 49 50 51 
Case #55: 1 373249 746497 1119745 1492993 1866241 2239489 2612737 2985985 3359233 3732481 4105729 4478977 4852225 5225473 5598721 5971969 6345217 6718465 7091713 7464961 7838209 8211457 8584705 8957953 9331201 9704449 10077697 10450945 10824193 11197441 11570689 11943937 12317185 12690433 13063681 13436929 13810177 14183425 14556673 14929921 15303169 15676417 16049665 16422913 16796161 17169409 17542657 17915905 18289153 18662401 19035649 19408897 19782145 20155393 20528641 20901889 21275137 21648385 22021633 22394881 22768129 23141377 23514625 23887873 24261121 24634369 25007617 25380865 25754113 26127361 26500609 
Case #56: 1 
Case #57: 1 5477 10953 16429 21905 27381 32857 38333 43809 49285 54761 60237 65713 71189 76665 82141 87617 93093 98569 104045 109521 114997 120473 125949 131425 136901 142377 147853 153329 158805 164281 169757 175233 180709 186185 191661 197137 202613 208089 213565 219041 224517 229993 235469 240945 246421 251897 257373 262849 268325 273801 279277 284753 290229 295705 301181 306657 312133 317609 323085 328561 334037 339513 344989 350465 355941 361417 366893 372369 377845 383321 388797 394273 399749 
Case #58: 1 3486784402 6973568803 10460353204 13947137605 17433922006 20920706407 24407490808 27894275209 31381059610 34867844011 38354628412 41841412813 45328197214 48814981615 52301766016 55788550417 59275334818 62762119219 66248903620 69735688021 73222472422 76709256823 80196041224 83682825625 87169610026 90656394427 94143178828 97629963229 101116747630 104603532031 108090316432 111577100833 115063885234 118550669635 122037454036 125524238437 129011022838 132497807239 135984591640 139471376041 142958160442 146444944843 149931729244 153418513645 156905298046 160392082447 163878866848 167365651249 170852435650 174339220051 177826004452 181312788853 184799573254 188286357655 191773142056 195259926457 198746710858 202233495259 205720279660 209207064061 212693848462 216180632863 219667417264 223154201665 226640986066 230127770467 233614554868 237101339269 240588123670 244074908071 247561692472 251048476873 254535261274 258022045675 261508830076 264995614477 268482398878 271969183279 275455967680 278942752081 
Case #59: 1 35 69 103 137 171 205 239 273 307 341 375 409 443 477 511 545 579 613 647 681 715 749 783 817 851 885 919 953 987 1021 1055 1089 1123 
Case #60: 1 10001 20001 30001 40001 50001 60001 70001 80001 90001 100001 110001 120001 130001 140001 150001 160001 170001 180001 190001 200001 210001 220001 230001 240001 250001 260001 270001 280001 290001 300001 310001 320001 330001 340001 350001 360001 370001 380001 390001 400001 410001 420001 430001 440001 450001 460001 470001 480001 490001 500001 510001 520001 530001 540001 550001 560001 570001 580001 590001 600001 610001 620001 630001 640001 650001 660001 670001 680001 690001 700001 710001 720001 730001 740001 750001 760001 770001 780001 790001 800001 810001 820001 830001 840001 850001 860001 870001 880001 890001 900001 910001 920001 930001 940001 950001 960001 970001 980001 990001 
Case #61: 1 
Case #62: 1 
Case #63: 1 7226 14451 21676 28901 36126 43351 50576 57801 65026 72251 79476 86701 93926 101151 108376 115601 122826 130051 137276 144501 151726 158951 166176 173401 180626 187851 195076 202301 209526 216751 223976 231201 238426 245651 252876 260101 267326 274551 281776 289001 296226 303451 310676 317901 325126 332351 339576 346801 354026 361251 368476 375701 382926 390151 397376 404601 411826 419051 426276 433501 440726 447951 455176 462401 469626 476851 484076 491301 498526 505751 512976 520201 527426 534651 541876 549101 556326 563551 570776 578001 585226 592451 599676 606901 
Case #64: 1 75144747810817 150289495621633 225434243432449 300578991243265 375723739054081 450868486864897 526013234675713 601157982486529 676302730297345 751447478108161 826592225918977 901736973729793 976881721540609 1052026469351425 1127171217162241 1202315964973057 1277460712783873 1352605460594689 1427750208405505 1502894956216321 1578039704027137 1653184451837953 1728329199648769 1803473947459585 1878618695270401 1953763443081217 2028908190892033 2104052938702849 2179197686513665 2254342434324481 2329487182135297 2404631929946113 2479776677756929 2554921425567745 2630066173378561 2705210921189377 2780355669000193 2855500416811009 2930645164621825 3005789912432641 3080934660243457 3156079408054273 3231224155865089 3306368903675905 3381513651486721 3456658399297537 3531803147108353 3606947894919169 3682092642729985 3757237390540801 3832382138351617 3907526886162433 3982671633973249 4057816381784065 4132961129594881 4208105877405697 4283250625216513 4358395373027329 4433540120838145 4508684868648961 4583829616459777 4658974364270593 4734119112081409 4809263859892225 4884408607703041 4959553355513857 5034698103324673 5109842851135489 5184987598946305 5260132346757121 5335277094567937 5410421842378753 5485566590189569 5560711338000385 5635856085811201 5711000833622017 5786145581432833 5861290329243649 5936435077054465 6011579824865281 6086724572676097 6161869320486913 6237014068297729 6312158816108545 6387303563919361 6462448311730177 6537593059540993 6612737807351809 6687882555162625 6763027302973441 6838172050784257 6913316798595073 6988461546405889 7063606294216705 7138751042027521 
Case #65: 1 63403380965377 126806761930753 190210142896129 253613523861505 317016904826881 380420285792257 443823666757633 507227047723009 570630428688385 634033809653761 697437190619137 760840571584513 824243952549889 887647333515265 951050714480641 1014454095446017 1077857476411393 1141260857376769 1204664238342145 1268067619307521 1331471000272897 1394874381238273 1458277762203649 
Case #66: 1 606355001345 1212710002689 1819065004033 2425420005377 3031775006721 3638130008065 4244485009409 4850840010753 5457195012097 6063550013441 6669905014785 7276260016129 7882615017473 8488970018817 9095325020161 9701680021505 10308035022849 10914390024193 11520745025537 12127100026881 12733455028225 13339810029569 13946165030913 14552520032257 15158875033601 15765230034945 16371585036289 16977940037633 17584295038977 18190650040321 18797005041665 19403360043009 20009715044353 20616070045697 21222425047041 21828780048385 22435135049729 23041490051073 23647845052417 24254200053761 24860555055105 25466910056449 26073265057793 26679620059137 27285975060481 27892330061825 28498685063169 29105040064513 29711395065857 30317750067201 30924105068545 31530460069889 32136815071233 32743170072577 33349525073921 33955880075265 34562235076609 35168590077953 35774945079297 36381300080641 36987655081985 37594010083329 38200365084673 38806720086017 39413075087361 40019430088705 40625785090049 41232140091393 41838495092737 42444850094081 43051205095425 43657560096769 44263915098113 44870270099457 45476625100801 46082980102145 46689335103489 47295690104833 47902045106177 48508400107521 49114755108865 49721110110209 50327465111553 50933820112897 51540175114241 52146530115585 52752885116929 53359240118273 53965595119617 54571950120961 55178305122305 
Case #67: 1 887503682 1775007363 2662511044 3550014725 4437518406 5325022087 6212525768 7100029449 7987533130 8875036811 9762540492 10650044173 11537547854 12425051535 13312555216 14200058897 15087562578 15975066259 16862569940 17750073621 18637577302 19525080983 20412584664 21300088345 22187592026 23075095707 23962599388 24850103069 25737606750 26625110431 
Case #68: 1 2 3 4 
Case #69: 1 1048577 2097153 3145729 4194305 5242881 6291457 7340033 8388609 9437185 10485761 11534337 12582913 13631489 14680065 15728641 16777217 17825793 18874369 19922945 20971521 22020097 23068673 24117249 25165825 26214401 27262977 28311553 29360129 30408705 31457281 32505857 
Case #70: 1 601692058 1203384115 1805076172 2406768229 3008460286 3610152343 4211844400 4813536457 5415228514 6016920571 6618612628 7220304685 7821996742 8423688799 9025380856 9627072913 10228764970 10830457027 11432149084 12033841141 12635533198 13237225255 13838917312 14440609369 15042301426 15643993483 16245685540 16847377597 17449069654 18050761711 18652453768 19254145825 19855837882 20457529939 21059221996 21660914053 22262606110 22864298167 23465990224 24067682281 24669374338 25271066395 25872758452 26474450509 27076142566 27677834623 28279526680 28881218737 29482910794 30084602851 30686294908 31287986965 31889679022 32491371079 33093063136 33694755193 
Case #71: 1 165216101262849 330432202525697 495648303788545 660864405051393 826080506314241 991296607577089 1156512708839937 1321728810102785 1486944911365633 1652161012628481 1817377113891329 1982593215154177 2147809316417025 2313025417679873 2478241518942721 2643457620205569 2808673721468417 2973889822731265 3139105923994113 3304322025256961 3469538126519809 3634754227782657 3799970329045505 3965186430308353 4130402531571201 4295618632834049 4460834734096897 4626050835359745 4791266936622593 4956483037885441 5121699139148289 5286915240411137 5452131341673985 5617347442936833 5782563544199681 5947779645462529 6112995746725377 
Case #72: 1 3 
Case #73: 1 6321363050 12642726099 18964089148 25285452197 31606815246 37928178295 44249541344 50570904393 56892267442 63213630491 69534993540 75856356589 82177719638 88499082687 94820445736 101141808785 107463171834 113784534883 120105897932 126427260981 132748624030 139069987079 145391350128 151712713177 158034076226 164355439275 170676802324 176998165373 183319528422 189640891471 195962254520 202283617569 208604980618 214926343667 221247706716 227569069765 233890432814 240211795863 246533158912 252854521961 259175885010 265497248059 
Case #74: 1 110075314177 220150628353 330225942529 440301256705 550376570881 660451885057 770527199233 880602513409 990677827585 1100753141761 1210828455937 1320903770113 1430979084289 1541054398465 1651129712641 1761205026817 1871280340993 1981355655169 2091430969345 2201506283521 2311581597697 2421656911873 2531732226049 
Case #75: 1 51676101935732 103352203871463 155028305807194 206704407742925 258380509678656 310056611614387 361732713550118 413408815485849 465084917421580 516761019357311 568437121293042 620113223228773 671789325164504 723465427100235 775141529035966 826817630971697 878493732907428 930169834843159 981845936778890 1033522038714621 1085198140650352 1136874242586083 1188550344521814 1240226446457545 1291902548393276 1343578650329007 1395254752264738 1446930854200469 1498606956136200 1550283058071931 1601959160007662 1653635261943393 1705311363879124 1756987465814855 1808663567750586 1860339669686317 1912015771622048 1963691873557779 2015367975493510 2067044077429241 2118720179364972 2170396281300703 2222072383236434 2273748485172165 2325424587107896 2377100689043627 2428776790979358 2480452892915089 2532128994850820 2583805096786551 2635481198722282 2687157300658013 2738833402593744 2790509504529475 2842185606465206 2893861708400937 2945537810336668 2997213912272399 3048890014208130 3100566116143861 3152242218079592 3203918320015323 3255594421951054 3307270523886785 3358946625822516 3410622727758247 3462298829693978 3513974931629709 3565651033565440 3617327135501171 3669003237436902 3720679339372633 3772355441308364 3824031543244095 3875707645179826 3927383747115557 3979059849051288 4030735950987019 4082412052922750 4134088154858481 4185764256794212 4237440358729943 4289116460665674 4340792562601405 4392468664537136 4444144766472867 4495820868408598 4547496970344329 4599173072280060 4650849174215791 
Case #76: 1 
Case #77: 1 10001 20001 30001 40001 50001 60001 70001 80001 90001 
Case #78: 1 72057594037927937 144115188075855873 216172782113783809 
Case #79: 1 28562 57123 85684 114245 142806 171367 199928 228489 257050 285611 314172 342733 
Case #80: 1 6765202 13530403 20295604 27060805 33826006 40591207 47356408 54121609 60886810 67652011 74417212 81182413 87947614 94712815 101478016 108243217 115008418 121773619 128538820 135304021 142069222 148834423 155599624 162364825 169130026 175895227 182660428 189425629 196190830 202956031 209721232 216486433 223251634 230016835 236782036 243547237 250312438 257077639 263842840 270608041 277373242 284138443 290903644 297668845 304434046 311199247 317964448 324729649 331494850 338260051 
Case #81: 1 549755813889 
Case #82: 1 7570 15139 22708 30277 37846 45415 52984 60553 68122 75691 83260 90829 98398 105967 113536 121105 128674 136243 143812 151381 158950 166519 174088 181657 189226 196795 204364 211933 219502 227071 234640 242209 249778 257347 264916 272485 280054 287623 295192 302761 310330 317899 325468 333037 340606 348175 355744 363313 370882 378451 386020 393589 401158 408727 416296 423865 431434 439003 446572 454141 461710 469279 476848 484417 491986 499555 507124 514693 522262 529831 537400 544969 552538 560107 567676 575245 582814 590383 597952 605521 613090 620659 628228 635797 643366 650935 
Case #83: 1 20971520000001 41943040000001 62914560000001 83886080000001 104857600000001 125829120000001 146800640000001 167772160000001 188743680000001 209715200000001 230686720000001 251658240000001 272629760000001 293601280000001 314572800000001 335544320000001 356515840000001 377487360000001 398458880000001 419430400000001 440401920000001 461373440000001 482344960000001 503316480000001 524288000000001 545259520000001 566231040000001 587202560000001 608174080000001 629145600000001 650117120000001 671088640000001 692060160000001 713031680000001 734003200000001 754974720000001 775946240000001 796917760000001 817889280000001 838860800000001 859832320000001 880803840000001 901775360000001 922746880000001 943718400000001 964689920000001 985661440000001 1006632960000001 1027604480000001 1048576000000001 1069547520000001 1090519040000001 1111490560000001 1132462080000001 1153433600000001 1174405120000001 1195376640000001 1216348160000001 1237319680000001 1258291200000001 1279262720000001 1300234240000001 1321205760000001 1342177280000001 1363148800000001 1384120320000001 1405091840000001 1426063360000001 1447034880000001 1468006400000001 1488977920000001 1509949440000001 1530920960000001 1551892480000001 1572864000000001 1593835520000001 1614807040000001 1635778560000001 1656750080000001 
Case #84: 1 2 3 4 5 6 7 8 9 10 11 12 13 14 15 16 
Case #85: 1 377149515626 754299031251 1131448546876 1508598062501 1885747578126 2262897093751 2640046609376 3017196125001 3394345640626 3771495156251 4148644671876 4525794187501 4902943703126 5280093218751 5657242734376 6034392250001 6411541765626 6788691281251 7165840796876 7542990312501 7920139828126 8297289343751 8674438859376 9051588375001 9428737890626 9805887406251 10183036921876 10560186437501 10937335953126 11314485468751 11691634984376 12068784500001 12445934015626 12823083531251 13200233046876 13577382562501 13954532078126 14331681593751 14708831109376 15085980625001 15463130140626 15840279656251 16217429171876 16594578687501 16971728203126 17348877718751 17726027234376 18103176750001 18480326265626 18857475781251 19234625296876 19611774812501 19988924328126 20366073843751 20743223359376 21120372875001 21497522390626 21874671906251 22251821421876 22628970937501 23006120453126 23383269968751 23760419484376 24137569000001 24514718515626 24891868031251 25269017546876 25646167062501 26023316578126 26400466093751 26777615609376 27154765125001 27531914640626 27909064156251 28286213671876 28663363187501 29040512703126 29417662218751 29794811734376 30171961250001 30549110765626 30926260281251 31303409796876 31680559312501 
Case #86: 1 62748518 125497035 188245552 250994069 313742586 376491103 439239620 501988137 564736654 627485171 690233688 752982205 
Case #87: 1 2 3 4 5 6 7 
Case #88: 1 28 55 
Case #89: 1 17 
Case #90: 1 2745 5489 8233 10977 13721 16465 19209 21953 24697 27441 30185 32929 35673 
Case #91: 1 34271896307634 68543792615267 102815688922900 137087585230533 171359481538166 205631377845799 239903274153432 274175170461065 308447066768698 342718963076331 376990859383964 411262755691597 445534651999230 479806548306863 514078444614496 548350340922129 
Case #92: 1 379749833583242 759499667166483 1139249500749724 1518999334332965 1898749167916206 2278499001499447 2658248835082688 3037998668665929 3417748502249170 3797498335832411 
Case #93: 1 4437053126 8874106251 13311159376 17748212501 22185265626 26622318751 31059371876 35496425001 39933478126 44370531251 48807584376 53244637501 57681690626 62118743751 66555796876 70992850001 75429903126 79866956251 84304009376 88741062501 93178115626 97615168751 102052221876 106489275001 110926328126 115363381251 119800434376 124237487501 128674540626 133111593751 137548646876 141985700001 146422753126 150859806251 155296859376 159733912501 164170965626 168608018751 173045071876 177482125001 181919178126 186356231251 190793284376 195230337501 199667390626 204104443751 208541496876 212978550001 217415603126 221852656251 226289709376 230726762501 235163815626 239600868751 244037921876 248474975001 252912028126 257349081251 261786134376 266223187501 270660240626 275097293751 279534346876 283971400001 288408453126 292845506251 297282559376 301719612501 306156665626 310593718751 315030771876 319467825001 323904878126 328341931251 332778984376 337216037501 341653090626 346090143751 350527196876 354964250001 359401303126 363838356251 368275409376 372712462501 
Case #94: 1 5 9 13 
Case #95: 1 
Case #96: 1 476837158203126 953674316406251 1430511474609376 1907348632812501 
Case #97: 1 10000000001 20000000001 30000000001 40000000001 50000000001 60000000001 70000000001 80000000001 90000000001 
Case #98: 1 4503599627370497 9007199254740993 13510798882111489 18014398509481985 22517998136852481 27021597764222977 31525197391593473 36028797018963969 40532396646334465 45035996273704961 49539595901075457 54043195528445953 58546795155816449 63050394783186945 67553994410557441 
Case #99: 1 2 3 4 5 6 7 8 9 10 11 12 13 14 15 16 17 18 19 20 21 22 23 24 25 26 27 28 29 30 31 
Case #100: 1 
