1000
88 98 54
65 39 45
78 84 95
16 81 80
45 94 28
21 61 42
78 56 13
29 75 87
52 79 95
49 60 88
6 37 12
93 62 100
45 58 33
0 55 55
31 57 62
46 25 23
17 52 13
75 97 59
66 22 24
25 69 7
51 66 33
63 74 95
28 46 55
11 45 87
31 10 68
79 12 10
19 71 93
22 20 89
25 85 66
82 24 95
82 77 39
99 70 86
35 55 63
15 87 67
75 30 25
23 60 91
60 2 68
36 87 6
5 97 10
66 16 67
46 100 80
29 81 85
2 76 15
28 14 70
84 98 55
77 41 62
67 58 20
58 18 38
48 86 21
31 83 25
82 89 7
54 6 54
68 88 23
99 58 92
3 40 45
27 5 38
47 32 85
30 94 18
96 31 25
7 13 96
65 81 74
84 48 1
77 67 94
92 38 94
100 66 7
23 34 79
69 96 28
87 57 12
36 61 83
23 74 80
14 78 60
35 8 16
39 72 57
25 63 58
22 2 57
38 87 35
58 91 89
29 11 42
91 96 80
10 5 43
83 15 78
90 70 34
32 77 66
91 10 23
23 24 41
22 45 39
67 95 83
33 35 34
66 19 66
13 55 55
10 9 17
84 30 23
54 7 5
44 95 98
25 65 34
92 100 81
78 92 39
53 52 65
71 28 4
53 28 74
21 94 36
72 83 63
73 67 79
47 1 94
91 5 25
8 13 21
95 59 36
52 56 84
3 22 39
66 69 9
32 14 83
61 65 100
83 98 82
34 29 29
67 60 99
100 26 16
28 100 1
33 34 86
12 8 16
44 62 13
24 66 29
54 84 77
76 21 60
60 87 90
19 78 93
5 66 37
20 56 69
2 96 76
62 57 13
36 86 34
73 4 82
89 80 24
42 67 14
1 87 21
54 53 91
59 72 79
77 97 48
23 5 33
66 17 16
16 79 40
16 10 4
83 88 33
55 71 19
59 31 96
46 60 37
99 92 60
55 98 32
62 24 38
32 74 85
17 42 4
56 82 23
29 71 99
61 30 32
43 41 16
92 31 9
75 31 59
60 98 27
16 86 48
47 39 84
16 74 2
53 100 79
13 99 9
13 9 38
42 63 85
31 86 25
40 58 61
48 100 7
22 34 52
58 85 42
19 53 6
50 91 58
97 81 53
47 85 3
29 21 89
100 28 10
65 70 12
25 47 39
87 40 57
1 87 71
30 61 23
71 76 48
1 23 57
9 3 8
0 42 24
72 17 12
18 75 8
76 58 19
11 30 40
98 100 65
72 98 89
56 44 57
61 11 30
49 78 52
41 26 27
26 4 85
47 74 14
95 52 21
29 25 59
1 13 64
78 21 43
77 83 32
98 85 64
76 78 55
19 61 77
77 46 25
41 87 80
37 24 17
92 3 36
36 65 62
21 66 14
41 9 44
53 61 85
8 61 41
85 84 21
95 22 15
37 13 100
16 58 27
24 57 38
42 65 78
33 60 68
13 69 20
96 55 72
15 19 12
11 73 54
79 87 63
55 94 27
69 62 92
18 28 91
36 17 39
61 9 64
0 27 62
47 92 81
85 70 9
23 8 13
54 86 32
55 3 20
59 75 32
37 33 18
15 74 4
13 64 55
17 2 33
70 67 75
91 2 82
75 69 6
96 23 79
16 35 59
34 27 91
56 84 29
96 95 29
40 29 19
60 57 42
1 7 59
39 62 19
54 31 99
100 76 79
77 89 85
10 87 38
97 83 99
46 100 56
60 4 61
29 2 60
28 16 5
24 26 19
42 67 86
52 58 41
53 76 77
1 90 31
49 42 78
61 85 22
52 71 59
2 93 86
24 89 95
93 73 87
16 93 89
82 2 69
97 10 17
55 48 15
97 37 34
61 95 87
83 83 38
10 22 55
54 72 3
82 70 56
16 48 34
42 25 39
33 56 65
78 31 43
94 53 82
82 42 37
65 48 46
12 25 45
35 99 22
54 99 95
88 56 9
61 38 36
62 46 1
26 2 42
84 58 56
94 6 97
32 15 55
75 46 17
73 29 39
34 74 94
38 4 40
32 94 82
0 39 48
46 18 82
86 82 81
99 8 69
18 61 15
43 86 20
68 88 5
90 16 86
19 80 12
13 46 10
39 62 18
93 61 47
65 83 43
33 18 17
52 39 2
70 59 36
54 70 59
100 70 91
1 52 5
65 77 89
22 4 96
59 83 100
15 73 20
91 24 30
91 86 25
0 89 69
4 87 25
82 65 54
99 3 95
42 8 52
34 5 87
60 86 100
99 62 71
58 20 9
23 35 44
77 75 53
13 45 52
100 33 89
61 63 52
12 3 26
86 75 33
99 91 5
6 27 73
65 69 32
84 93 54
45 12 15
67 14 93
55 32 37
4 17 11
29 72 80
74 29 63
7 52 33
97 16 13
12 55 55
0 33 60
90 69 60
1 23 28
55 93 15
76 84 67
34 78 21
44 26 6
78 28 15
46 13 25
50 78 61
100 17 30
52 36 12
27 23 13
97 88 98
82 98 10
82 47 46
52 10 20
44 35 57
80 46 30
94 75 65
92 80 87
6 45 79
23 3 100
41 31 52
31 3 8
36 60 91
81 30 41
93 62 88
4 84 60
95 11 94
80 2 41
94 29 22
37 43 86
17 89 70
13 47 81
92 33 47
27 81 7
79 26 26
87 15 84
12 71 89
23 89 93
55 94 47
79 100 64
61 88 67
52 27 3
97 7 12
35 43 32
25 54 15
7 38 80
90 67 82
96 33 27
89 21 73
48 48 69
93 5 46
34 59 57
65 89 98
38 8 35
84 79 64
39 43 22
47 2 34
48 46 58
22 14 70
30 83 16
100 63 3
95 92 84
76 87 22
73 81 87
55 94 1
42 93 80
73 94 6
84 40 70
96 10 58
94 54 91
93 40 71
59 8 29
32 43 54
1 69 27
7 84 22
22 75 38
78 22 46
10 38 38
80 70 89
37 54 52
39 68 98
44 88 41
99 70 27
16 15 64
64 82 82
2 64 93
13 21 19
14 58 26
99 8 47
80 80 99
66 68 37
75 12 4
99 99 99
24 84 57
100 91 95
95 85 18
76 47 70
100 47 93
25 43 2
59 82 94
20 24 95
70 88 73
49 34 10
18 89 10
79 70 92
81 64 71
86 14 22
38 15 17
22 15 99
16 53 10
17 75 28
60 38 13
52 22 97
98 55 70
75 36 52
94 41 86
55 12 25
8 44 91
21 6 39
56 43 8
24 81 77
48 62 3
88 64 68
6 57 10
34 66 96
31 80 31
73 35 23
19 90 69
57 75 18
45 61 96
55 84 13
12 72 83
79 74 13
54 83 44
10 22 75
77 89 75
81 58 33
84 58 8
44 68 69
23 7 39
62 17 79
70 72 24
28 58 46
71 8 8
41 97 37
37 56 98
58 12 24
8 2 87
91 65 22
35 16 42
61 18 70
38 96 19
57 75 37
74 3 72
36 67 58
27 65 77
82 94 57
100 27 67
1 81 66
35 35 60
68 13 87
42 33 100
94 29 61
100 84 72
97 40 88
74 73 98
34 98 65
91 25 16
84 90 1
38 42 11
1 12 64
51 37 95
10 28 72
56 48 75
40 76 92
84 24 17
94 11 37
55 4 97
13 78 5
25 17 18
71 75 25
29 35 24
63 39 40
44 4 23
37 65 24
77 65 16
88 40 84
24 29 11
51 26 61
91 47 20
43 47 33
88 93 40
84 63 23
98 83 39
52 71 98
67 43 16
51 32 31
9 78 90
32 47 87
28 44 77
36 64 15
1 94 5
34 64 3
6 74 32
36 22 35
36 42 44
17 37 79
38 13 25
4 99 34
42 33 8
55 47 53
42 35 78
93 91 57
25 60 20
63 18 95
75 52 73
5 47 9
64 70 73
80 60 28
23 65 87
80 32 67
83 21 71
58 58 81
11 72 92
59 30 79
33 20 79
66 75 25
73 60 73
38 73 58
98 6 75
86 7 52
94 20 21
97 76 47
60 34 72
13 35 36
74 32 16
28 2 36
99 41 62
16 43 68
7 72 10
80 5 56
78 3 72
13 62 69
31 90 6
67 54 42
28 74 83
13 28 46
45 24 72
87 63 16
98 29 77
8 88 1
81 69 83
64 38 29
73 94 45
50 58 100
19 41 36
20 62 88
39 62 100
100 18 7
48 21 33
34 26 6
95 85 81
28 89 30
53 48 96
92 55 47
21 26 87
33 58 9
38 4 1
71 83 38
55 82 21
42 73 40
75 63 74
1 45 6
86 92 88
85 85 71
92 67 54
41 62 75
24 100 35
78 100 69
51 22 21
14 81 78
51 16 83
93 94 28
86 89 75
93 85 66
66 25 14
52 72 19
67 48 15
66 89 30
37 29 63
96 28 17
28 12 87
50 95 41
84 1 80
8 90 85
20 60 5
12 39 71
91 35 47
35 22 38
41 58 27
28 43 83
60 100 78
2 1 3
38 100 15
95 62 96
70 16 5
63 73 6
36 12 28
16 86 46
70 57 74
73 9 85
44 5 97
27 63 72
27 97 67
7 13 7
71 59 9
31 8 81
5 20 37
37 77 96
95 95 17
57 26 71
25 61 69
0 2 42
90 63 36
81 8 37
59 98 12
2 48 25
16 20 69
79 88 11
7 56 41
2 98 62
34 85 73
13 15 75
35 73 75
100 23 20
45 4 63
43 44 59
45 58 69
4 57 29
58 99 46
53 46 81
82 32 14
49 11 58
18 22 25
100 61 33
43 30 26
72 84 72
18 82 44
29 94 95
100 35 40
2 36 39
20 98 70
18 56 55
30 25 5
52 69 42
39 5 38
7 21 17
31 20 6
14 63 94
83 39 80
49 43 41
90 22 23
0 71 40
63 43 23
100 91 42
91 59 33
17 43 82
23 21 97
37 87 64
10 33 33
0 54 4
86 98 75
87 70 20
5 77 3
76 86 17
19 57 99
35 71 80
73 5 80
82 55 91
94 7 87
43 19 26
53 6 61
79 6 30
0 10 42
93 6 84
13 94 70
28 96 15
3 75 98
98 42 24
31 46 91
94 62 11
38 91 22
80 53 38
93 68 55
49 18 95
99 13 4
91 88 3
25 23 43
32 68 96
38 20 36
52 90 42
86 33 83
77 83 58
94 30 67
53 3 4
97 18 34
20 71 63
14 46 40
34 99 40
0 92 67
11 45 47
100 89 96
3 53 40
87 5 14
56 22 38
17 32 44
49 2 81
73 79 96
80 22 42
72 15 93
90 48 65
45 62 57
87 12 14
96 74 56
34 16 89
75 96 31
40 29 7
61 58 61
35 62 33
84 95 42
36 4 21
50 22 86
4 45 66
1 28 70
64 20 30
100 31 47
56 83 72
36 32 85
2 86 38
27 39 58
6 90 18
6 36 66
76 70 22
85 74 65
43 9 84
35 29 87
33 29 79
100 39 9
49 32 95
30 5 25
3 19 75
37 87 8
37 62 67
58 36 22
44 52 32
8 47 90
46 4 73
95 33 26
50 45 96
35 45 55
48 19 14
18 66 28
61 11 97
43 82 18
10 34 81
57 76 70
20 46 23
5 34 58
52 27 39
44 7 12
62 44 84
88 5 55
30 65 81
66 96 69
12 72 15
46 59 25
53 85 73
23 66 83
17 24 45
0 20 21
6 68 91
17 73 94
48 69 67
32 96 39
53 92 12
15 81 62
15 70 53
25 24 95
90 14 81
29 21 13
72 9 77
73 91 41
57 76 73
63 4 15
93 54 6
82 28 71
94 30 1
95 21 59
38 10 22
17 46 54
90 24 63
30 64 56
36 98 27
80 25 64
8 34 45
2 42 20
39 68 89
97 87 65
9 72 95
54 69 77
89 80 48
67 10 77
68 23 60
84 63 8
21 80 63
18 13 17
99 10 38
41 85 26
44 19 7
87 20 40
28 95 98
55 58 79
20 14 88
30 9 85
21 88 44
16 96 54
56 61 7
74 35 78
75 2 67
43 99 74
55 36 81
86 22 44
6 90 7
55 2 71
57 92 78
50 66 61
13 63 44
46 26 68
50 20 90
4 8 40
41 5 75
14 60 30
57 41 42
7 52 70
6 54 76
81 45 30
50 36 93
49 47 74
59 22 76
34 10 100
83 41 63
57 85 91
28 37 95
87 37 39
38 27 52
65 19 26
4 64 27
47 53 21
93 21 57
86 15 32
96 67 6
65 46 89
8 61 3
43 97 35
9 76 39
87 63 13
75 76 37
85 67 94
72 73 82
65 77 35
41 88 72
44 71 96
16 97 9
63 53 74
93 79 38
63 38 11
54 98 4
13 66 1
75 55 81
51 72 5
32 81 7
10 67 92
63 47 47
7 33 36
43 81 99
35 55 45
66 20 11
49 97 30
0 53 42
86 23 47
28 95 81
28 9 52
60 24 94
82 56 91
54 28 31
71 81 41
17 81 100
70 25 2
100 68 14
100 1 1
83 56 97
12 98 95
89 8 11
17 55 29
38 18 100
98 96 13
59 60 85
85 86 56
55 65 61
23 1 19
75 83 75
90 69 64
31 30 58
100 64 45
41 98 74
100 89 79
22 61 99
24 8 15
23 36 86
47 27 41
73 66 59
90 78 19
55 37 9
10 19 4
89 48 39
1 95 53
34 78 66
50 22 39
96 80 66
21 81 30
40 67 34
41 35 64
57 28 81
53 66 72
54 28 35
16 5 23
38 2 57
0 99 43
