50
2
2 2
3
3 2 2
3
1 1 2
3
2 3 1
3
2 2 3
3
3 1 4
26
42 37 29 42 38 48 29 39 46 39 35 36 51 35 45 35 38 38 37 42 31 26 41 42 43 36
22
39 50 50 51 60 48 39 47 44 39 50 54 45 37 49 46 36 48 56 42 34 34
9
131 105 85 104 105 120 112 123 112
26
118 119 115 111 111 11 23 18 30 22 22 28 22 37 19 16 14 17 17 19 14 19 21 18 17 22
3
2 3 2
26
33 41 20 42 40 35 42 37 54 28 37 38 42 34 31 36 47 41 37 40 35 37 50 39 36 48
19
51 51 64 57 37 57 47 45 42 51 53 60 63 51 49 57 53 61 49
26
43 35 36 33 45 41 35 39 45 40 40 37 41 42 35 33 39 37 42 39 30 51 35 39 37 31
26
37 60 46 43 37 23 36 28 39 45 30 41 37 27 35 50 33 46 43 30 56 43 30 34 32 39
18
54 51 54 69 49 60 47 55 66 62 46 52 49 60 56 43 56 68
3
4 4 1
26
16 13 13 17 14 13 24 21 19 20 16 18 24 20 15 19 16 300 17 22 24 19 18 25 256 21
26
1 1 1 1 1 1 1 1 1 1 1 1 1 1 1 1 1 1 1 1 1 1 1 1 1 1
16
1 1 1 1 1 1 1 1 1 1 1 1 15 1 1 1
17
59 56 46 53 55 57 56 77 67 56 58 61 59 60 58 63 53
3
4 3 1
26
42 44 56 29 38 40 27 37 36 34 48 34 54 36 30 40 39 34 35 27 43 41 32 41 38 45
26
19 29 16 24 11 21 19 25 22 14 19 15 16 19 210 14 15 19 202 24 16 16 22 19 12 162
26
49 36 38 32 37 33 36 44 38 33 38 46 38 39 32 41 43 41 35 40 36 35 37 38 46 39
8
130 130 142 124 125 118 107 120
13
74 67 91 65 91 89 78 82 67 81 67 80 66
4
263 258 241 231
3
2 3 4
3
1 4 3
10
9 1 9 1 9 1 9 1 9 1
9
107 98 103 99 102 126 127 127 108
26
25 1 1 1 1 1 1 1 1 1 1 1 1 1 1 1 1 1 1 1 1 1 1 1 1 1
26
196 172 197 14 22 22 12 25 17 16 18 22 15 18 20 15 26 19 19 18 23 23 20 18 20 13
3
4 2 2
10
110 106 88 106 96 92 109 99 103 91
3
1 2 1
3
2 2 1
10
112 100 88 101 90 112 92 96 104 102
6
165 166 181 148 177 160
3
4 3 2
26
203 191 176 15 18 26 20 21 24 16 20 13 15 22 18 19 25 15 15 14 9 18 26 17 27 17
26
16 270 17 27 15 18 26 14 16 20 27 15 25 29 28 19 13 21 18 16 17 31 23 22 19 238
26
20 1 20 1 20 1 20 1 20 1 20 1 20 1 20 1 20 1 20 1 20 1 20 1 20 1
19
44 60 49 61 47 55 55 50 48 47 49 58 55 40 53 59 56 56 52
26
44 35 37 38 35 36 32 42 32 38 45 36 37 38 48 41 42 44 45 37 36 23 34 44 37 44
26
13 17 24 20 18 25 17 16 17 22 22 17 17 16 21 18 24 21 33 28 273 246 18 13 19 25
8
123 114 122 119 151 129 122 120
26
22 21 19 17 12 25 25 24 17 17 23 16 20 166 26 28 12 189 21 24 21 22 18 23 170 22
19
47 47 53 61 46 48 42 49 63 60 52 56 52 50 55 48 65 44 57
