Case #1: 1
1 1 1
Case #2: 4
1 1 1
1 1 2
1 2 1
1 2 2
Case #3: 2
1 1 1
1 1 2
Case #4: 2
1 1 1
1 2 1
Case #5: 3
1 1 1
1 1 2
1 1 3
Case #6: 27
1 1 1
1 1 2
1 1 3
1 2 1
1 2 2
1 2 3
1 3 1
1 3 2
1 3 3
2 1 1
2 1 2
2 1 3
2 2 1
2 2 2
2 2 3
2 3 1
2 3 2
2 3 3
3 1 1
3 1 2
3 1 3
3 2 1
3 2 2
3 2 3
3 3 1
3 3 2
3 3 3
Case #7: 9
1 1 1
1 1 2
1 1 3
1 2 1
1 2 2
1 2 3
1 3 1
1 3 2
1 3 3
Case #8: 2
1 1 1
1 1 2
Case #9: 3
1 1 1
1 1 2
1 1 3
Case #10: 2
1 1 1
1 1 2
Case #11: 1
1 1 1
Case #12: 2
1 1 1
1 1 2
Case #13: 12
1 1 1
1 1 2
1 1 3
1 2 1
1 2 2
1 2 3
2 1 1
2 1 2
2 1 3
2 2 1
2 2 2
2 2 3
Case #14: 3
1 1 1
1 1 2
1 1 3
Case #15: 4
1 1 1
1 1 2
1 2 1
1 2 2
Case #16: 3
1 1 1
1 1 2
1 1 3
Case #17: 27
1 1 1
1 1 2
1 1 3
1 2 1
1 2 2
1 2 3
1 3 1
1 3 2
1 3 3
2 1 1
2 1 2
2 1 3
2 2 1
2 2 2
2 2 3
2 3 1
2 3 2
2 3 3
3 1 1
3 1 2
3 1 3
3 2 1
3 2 2
3 2 3
3 3 1
3 3 2
3 3 3
Case #18: 9
1 1 1
1 1 2
1 1 3
1 2 1
1 2 2
1 2 3
1 3 1
1 3 2
1 3 3
Case #19: 6
1 1 1
1 1 2
1 1 3
1 2 1
1 2 2
1 2 3
Case #20: 27
1 1 1
1 1 2
1 1 3
1 2 1
1 2 2
1 2 3
1 3 1
1 3 2
1 3 3
2 1 1
2 1 2
2 1 3
2 2 1
2 2 2
2 2 3
2 3 1
2 3 2
2 3 3
3 1 1
3 1 2
3 1 3
3 2 1
3 2 2
3 2 3
3 3 1
3 3 2
3 3 3
Case #21: 8
1 1 1
1 1 2
1 2 1
1 2 2
2 1 1
2 1 2
2 2 1
2 2 2
Case #22: 12
1 1 1
1 1 2
1 1 3
1 2 1
1 2 2
1 2 3
2 1 1
2 1 2
2 1 3
2 2 1
2 2 2
2 2 3
Case #23: 1
1 1 1
Case #24: 1
1 1 1
Case #25: 2
1 1 1
Case #26: 2
1 1 1
Case #27: 8
1 1 1
1 1 2
1 2 1
1 2 2
2 1 1
2 1 2
2 2 1
2 2 2
Case #28: 9
1 1 1
1 1 2
1 1 3
1 2 1
1 2 2
1 2 3
1 3 1
1 3 2
1 3 3
Case #29: 8
1 1 1
1 1 2
1 2 1
1 2 2
2 1 1
2 1 2
2 2 1
2 2 2
Case #30: 4
1 1 1
1 1 2
1 2 1
1 2 2
Case #31: 1
1 1 1
Case #32: 8
1 1 1
1 1 2
1 2 1
1 2 2
2 1 1
2 1 2
2 2 1
2 2 2
Case #33: 4
1 1 1
1 1 2
1 2 1
1 2 2
Case #34: 3
1 1 1
1 1 2
1 1 3
Case #35: 6
1 1 1
1 1 2
1 1 3
1 2 1
1 2 2
1 2 3
Case #36: 2
1 1 1
1 1 2
Case #37: 18
1 1 1
1 1 2
1 1 3
1 2 1
1 2 2
1 2 3
1 3 1
1 3 2
1 3 3
2 1 1
2 1 2
2 1 3
2 2 1
2 2 2
2 2 3
2 3 1
2 3 2
2 3 3
Case #38: 1
1 1 1
Case #39: 4
1 1 1
1 1 2
1 2 1
1 2 2
Case #40: 2
1 1 1
1 1 2
Case #41: 12
1 1 1
1 1 2
1 1 3
1 2 1
1 2 2
1 2 3
2 1 1
2 1 2
2 1 3
2 2 1
2 2 2
2 2 3
Case #42: 3
1 1 1
1 1 2
1 1 3
Case #43: 4
1 1 1
1 1 2
1 2 1
1 2 2
Case #44: 3
1 1 1
1 2 1
1 3 1
Case #45: 1
1 1 1
Case #46: 12
1 1 1
1 1 2
1 1 3
1 2 1
1 2 2
1 2 3
2 1 1
2 1 2
2 1 3
2 2 1
2 2 2
2 2 3
Case #47: 4
1 1 1
1 1 2
1 2 1
1 2 2
Case #48: 1
1 1 1
Case #49: 2
1 1 1
1 1 2
Case #50: 1
1 1 1
Case #51: 27
1 1 1
1 1 2
1 1 3
1 2 1
1 2 2
1 2 3
1 3 1
1 3 2
1 3 3
2 1 1
2 1 2
2 1 3
2 2 1
2 2 2
2 2 3
2 3 1
2 3 2
2 3 3
3 1 1
3 1 2
3 1 3
3 2 1
3 2 2
3 2 3
3 3 1
3 3 2
3 3 3
Case #52: 6
1 1 1
1 1 2
1 1 3
1 2 1
1 2 2
1 2 3
Case #53: 8
1 1 1
1 1 2
1 2 1
1 2 2
2 1 1
2 1 2
2 2 1
2 2 2
Case #54: 8
1 1 1
1 1 2
1 2 1
1 2 2
2 1 1
2 1 2
2 2 1
2 2 2
Case #55: 6
1 1 1
1 1 2
1 2 1
1 2 2
1 3 1
1 3 2
Case #56: 18
1 1 1
1 1 2
1 1 3
1 2 1
1 2 2
1 2 3
1 3 1
1 3 2
1 3 3
2 1 1
2 1 2
2 1 3
2 2 1
2 2 2
2 2 3
2 3 1
2 3 2
2 3 3
Case #57: 2
1 1 1
1 1 2
Case #58: 3
1 1 1
1 1 2
1 1 3
Case #59: 2
1 1 1
Case #60: 9
1 1 1
1 1 2
1 1 3
1 2 1
1 2 2
1 2 3
1 3 1
1 3 2
1 3 3
Case #61: 9
1 1 1
1 1 2
1 1 3
1 2 1
1 2 2
1 2 3
1 3 1
1 3 2
1 3 3
Case #62: 12
1 1 1
1 1 2
1 1 3
1 2 1
1 2 2
1 2 3
2 1 1
2 1 2
2 1 3
2 2 1
2 2 2
2 2 3
Case #63: 12
1 1 1
1 1 2
1 1 3
1 2 1
1 2 2
1 2 3
2 1 1
2 1 2
2 1 3
2 2 1
2 2 2
2 2 3
Case #64: 3
1 1 1
1 1 2
1 1 3
Case #65: 12
1 1 1
1 1 2
1 1 3
1 2 1
1 2 2
1 2 3
2 1 1
2 1 2
2 1 3
2 2 1
2 2 2
2 2 3
Case #66: 18
1 1 1
1 1 2
1 1 3
1 2 1
1 2 2
1 2 3
1 3 1
1 3 2
1 3 3
2 1 1
2 1 2
2 1 3
2 2 1
2 2 2
2 2 3
2 3 1
2 3 2
2 3 3
Case #67: 18
1 1 1
1 1 2
1 1 3
1 2 1
1 2 2
1 2 3
1 3 1
1 3 2
1 3 3
2 1 1
2 1 2
2 1 3
2 2 1
2 2 2
2 2 3
2 3 1
2 3 2
2 3 3
Case #68: 4
1 1 1
1 1 2
1 2 1
1 2 2
Case #69: 6
1 1 1
1 1 2
1 1 3
1 2 1
1 2 2
1 2 3
Case #70: 6
1 1 1
1 1 2
1 1 3
1 2 1
1 2 2
1 2 3
Case #71: 9
1 1 1
1 1 2
1 1 3
1 2 1
1 2 2
1 2 3
1 3 1
1 3 2
1 3 3
Case #72: 3
1 1 1
Case #73: 2
1 1 1
1 1 2
Case #74: 6
1 1 1
1 1 2
1 1 3
1 2 1
1 2 2
1 2 3
Case #75: 2
1 1 1
1 2 1
Case #76: 12
1 1 1
1 1 2
1 1 3
1 2 1
1 2 2
1 2 3
2 1 1
2 1 2
2 1 3
2 2 1
2 2 2
2 2 3
Case #77: 6
1 1 1
1 1 2
1 1 3
1 2 1
1 2 2
1 2 3
Case #78: 3
1 1 1
2 1 1
1 1 2
2 1 2
1 2 1
2 2 1
1 2 2
2 2 2
Case #79: 1
1 1 1
Case #80: 18
1 1 1
1 1 2
1 1 3
1 2 1
1 2 2
1 2 3
1 3 1
1 3 2
1 3 3
2 1 1
2 1 2
2 1 3
2 2 1
2 2 2
2 2 3
2 3 1
2 3 2
2 3 3
Case #81: 27
1 1 1
1 1 2
1 1 3
1 2 1
1 2 2
1 2 3
1 3 1
1 3 2
1 3 3
2 1 1
2 1 2
2 1 3
2 2 1
2 2 2
2 2 3
2 3 1
2 3 2
2 3 3
3 1 1
3 1 2
3 1 3
3 2 1
3 2 2
3 2 3
3 3 1
3 3 2
3 3 3
Case #82: 12
1 1 1
1 1 2
1 2 1
1 2 2
1 3 1
1 3 2
2 1 1
2 1 2
2 2 1
2 2 2
2 3 1
2 3 2
Case #83: 9
1 1 1
1 1 2
1 1 3
1 2 1
1 2 2
1 2 3
1 3 1
1 3 2
1 3 3
Case #84: 27
1 1 1
1 1 2
1 1 3
1 2 1
1 2 2
1 2 3
1 3 1
1 3 2
1 3 3
2 1 1
2 1 2
2 1 3
2 2 1
2 2 2
2 2 3
2 3 1
2 3 2
2 3 3
3 1 1
3 1 2
3 1 3
3 2 1
3 2 2
3 2 3
3 3 1
3 3 2
3 3 3
Case #85: 6
1 1 1
1 1 2
1 1 3
1 2 1
1 2 2
1 2 3
Case #86: 8
1 1 1
1 1 2
1 2 1
1 2 2
2 1 1
2 1 2
2 2 1
2 2 2
Case #87: 4
1 1 1
1 1 2
1 2 1
1 2 2
Case #88: 18
1 1 1
1 1 2
1 1 3
1 2 1
1 2 2
1 2 3
1 3 1
1 3 2
1 3 3
2 1 1
2 1 2
2 1 3
2 2 1
2 2 2
2 2 3
2 3 1
2 3 2
2 3 3
Case #89: 1
1 1 1
Case #90: 1
1 1 1
Case #91: 2
1 1 1
1 1 2
Case #92: 9
1 1 1
1 1 2
1 1 3
1 2 1
1 2 2
1 2 3
1 3 1
1 3 2
1 3 3
Case #93: 8
1 1 1
1 1 2
1 2 1
1 2 2
2 1 1
2 1 2
2 2 1
2 2 2
Case #94: 27
1 1 1
1 1 2
1 1 3
1 2 1
1 2 2
1 2 3
1 3 1
1 3 2
1 3 3
2 1 1
2 1 2
2 1 3
2 2 1
2 2 2
2 2 3
2 3 1
2 3 2
2 3 3
3 1 1
3 1 2
3 1 3
3 2 1
3 2 2
3 2 3
3 3 1
3 3 2
3 3 3
Case #95: 18
1 1 1
1 1 2
1 1 3
1 2 1
1 2 2
1 2 3
1 3 1
1 3 2
1 3 3
2 1 1
2 1 2
2 1 3
2 2 1
2 2 2
2 2 3
2 3 1
2 3 2
2 3 3
Case #96: 4
1 1 1
1 1 2
1 2 1
1 2 2
Case #97: 8
1 1 1
1 1 2
1 2 1
1 2 2
2 1 1
2 1 2
2 2 1
2 2 2
Case #98: 18
1 1 1
1 1 2
1 1 3
1 2 1
1 2 2
1 2 3
1 3 1
1 3 2
1 3 3
2 1 1
2 1 2
2 1 3
2 2 1
2 2 2
2 2 3
2 3 1
2 3 2
2 3 3
Case #99: 8
1 1 1
1 1 2
1 2 1
1 2 2
2 1 1
2 1 2
2 2 1
2 2 2
Case #100: 27
1 1 1
1 1 2
1 1 3
1 2 1
1 2 2
1 2 3
1 3 1
1 3 2
1 3 3
2 1 1
2 1 2
2 1 3
2 2 1
2 2 2
2 2 3
2 3 1
2 3 2
2 3 3
3 1 1
3 1 2
3 1 3
3 2 1
3 2 2
3 2 3
3 3 1
3 3 2
3 3 3
