100
2525 1
2400 5
300 2
120 60
60 90
899107859 75
507258222 504
661033832 1093
537867290 7934
445094005 5044
841614249 4266
545134587 926
750396547 507
85241996 4026
21783708 6506
243530777 9611
491373999 2736
834445414 6282
877398662 7080
842700114 1489
674249281 1145
86149819 7902
329581305 9224
822070761 8681
521338619 3344
483166252 6941
206235389 4471
458743084 8591
805519234 2626
41659371 1396
875232549 3806
217872432 4949
433775999 7868
191909326 1312
534405728 4323
149598069 6241
704459428 2997
103008968 9589
493370180 9300
357917983 5715
829350264 4101
835093729 3791
108030243 3148
37162837 4690
50954624 3770
897792141 8653
308606865 9534
717786971 878
444199622 4596
581709636 5526
287865044 1900
886927528 5374
422829963 6442
435934103 4919
754241445 7722
759194912 9758
810465181 7225
9578085 1638
241515464 3359
304136038 3934
758769297 8736
653480547 920
638587369 6878
138883484 4060
181271801 6208
153940755 8662
358437587 5539
282240739 1040
503735736 9979
87557731 8767
148857367 5766
214185464 5156
520045093 8940
551487814 8980
682890879 971
720015463 1474
469026806 7222
725152581 9619
224696790 9705
455081403 7382
846734682 3132
200000 100
1002 8
3556 9
8143 9
9737 6
4710 7
3854 5
5222 7
1717 8
5570 3
55 9
6404 8
84 10
3711 2
4087 10
4222 4
2689 10
9372 9
6566 2
4004 2
8771 4
4578 5
9814 4
3660 5
3037 7
8703 6
6728 9
3684 3
8585 6
7073 3
9382 6
1400 5
4780 2
7398 5
2628 3
5977 4
2910 6
5521 10
5629 7
4638 8
9505 9
1032 3
1393 6
5660 4
1324 9
351 9
5165 8
1650 3
2100 8
1968 10
5000 7
7094 9
8248 6
466 10
2164 4
1606 5
6278 7
8298 3
1101 8
9815 1
7255 8
9329 6
4236 4
8897 4
474 6
7169 2
8824 2
445 4
4746 5
1336 5
7670 7
1593 3
2099 6
7861 8
6700 7
9016 3
9193 9
8817 2
5054 4
1660 7
5317 2
6911 7
8115 8
8784 4
4860 10
1976 4
705 7
3950 7
7960 9
9733 4
6853 4
8140 2
9182 10
7621 10
9759 6
1230 8
7391 10
2484 6
5044 2
1355 7
5867 8
200000 100
8519 2
3482 7
2914 2
6950 9
9374 6
7345 8
5821 5
7433 2
8920 2
1080 9
3211 3
713 4
2123 8
9804 6
7058 9
1328 4
7937 7
2813 10
3074 10
7639 8
1904 4
7729 6
4867 5
4717 3
1556 2
8143 8
9683 10
6980 4
9805 1
4911 4
9348 9
9369 7
8967 9
6258 4
2556 7
6087 7
7817 7
5103 2
1149 10
3021 6
4550 9
9300 2
1266 8
6926 3
4446 9
5810 6
7614 7
4357 5
5980 10
6588 9
5000 5
9717 2
7112 4
1840 10
1615 8
6605 7
8435 7
9290 4
4231 7
7021 6
8984 2
7050 8
2757 9
7407 5
6799 7
3939 4
777 6
2020 3
4938 2
9202 9
5983 8
8455 2
154 3
3654 5
5788 2
2156 3
1062 6
5880 8
5563 7
9240 6
7901 9
959 5
95 3
8432 7
9006 10
288 8
4628 10
4895 2
9756 6
3933 10
2193 4
2732 4
488 5
5396 2
7914 10
8513 7
6213 5
5415 3
195 3
7397 4
923323037 100
592983754 7898
909623543 3499
208379789 4121
833016941 5967
131172855 2501
363287442 9747
397674471 5248
112067613 6939
383932829 776
280022360 3340
25270655 2883
535488580 3061
192141843 2104
89520607 1322
850068782 2697
280016964 6012
335247932 4620
40123147 7854
911943755 8974
373132281 3926
578361447 878
366342408 6065
343132388 3975
611952677 799
843338069 876
695771666 3275
558712073 1591
72158266 9442
412680701 9945
163017331 4381
696970370 7248
167310672 8610
186325536 5637
117619972 86
437644360 4280
453144961 103
259081974 7885
41945998 6600
847822430 8428
234154436 8
921773582 480
904040472 7401
150000579 7866
256008131 8719
874717884 6086
380988408 4976
494544329 6282
586807990 2762
844721627 3358
917955964 2393
612509047 4831
666336621 666
671639510 5637
543602420 2070
788071853 199
621841502 2672
466310752 7212
376777125 2483
894760777 8842
847362723 7942
363029027 8090
496703021 7868
450101795 4080
67158070 2928
425875500 6699
407968806 2288
554542699 2016
175374325 5059
385170775 7975
75994784 7458
602483126 2394
835062568 6625
210738949 5215
340863319 5884
137644513 1413
783934843 827
217367971 2768
585959014 1043
19889955 6485
154984843 4216
628999495 1925
823597585 8000
296970198 3763
98965401 8970
387072523 4019
25309612 8181
857851852 7417
673322014 3954
329522880 4908
504644098 1847
430233383 8335
283714837 2402
581695143 2687
823820905 2282
309394866 3647
851082803 9131
655762062 5268
186041425 8791
55327665 9834
721701514 9334
187090371 100
164585496 8525
114207675 5862
49445090 605
160189548 8540
140068144 2181
161320449 581
161421114 5815
65386262 4416
172509714 3810
139758899 231
138407028 9166
76073441 1461
128019545 9255
128598724 162
117800563 575
150839056 1710
135293406 9803
134877431 7515
53472454 1570
174508084 683
182162183 2085
56607156 9504
164528828 9097
136742178 9238
45131372 9983
71656427 7343
15339292 6302
180763139 41
66933907 4946
13193997 508
78615383 2531
78268568 9598
2457664 7476
115030112 5068
23263182 665
108623183 9196
143531519 6025
157835493 8346
38861726 2050
182025333 4168
32821754 1618
144602205 9020
67190117 9595
37652908 6315
144963225 6347
75986576 1594
112837811 7031
120168376 7248
183376836 735
104033779 1195
184022547 9932
100379446 7338
163874868 8018
145149656 1602
164929961 5580
121020758 9068
75646111 9863
9391581 5943
157239080 9846
124543579 2884
128810682 2000
118389943 1727
9774078 7201
3276962 8360
112088186 5298
9931371 5097
41359802 2401
161981154 6622
33319044 8220
121146242 6106
69863809 7851
88557146 2770
156294061 2501
139200743 9989
167788904 9652
131131452 7385
150506705 6737
12456118 8186
133897672 9789
127501355 9732
163543053 6416
31020167 7070
46728123 3947
22454251 9754
100095120 8607
742971 9803
41763566 9116
2027864 9157
170265341 6731
157120030 1057
44553141 576
167357705 2325
15166344 7582
70308087 8201
55500954 8612
62131395 8237
29811541 1660
112171854 2078
132338420 8759
76746717 3923
408089913 50
405148329 5910
250092836 7390
391353060 5764
347408818 5435
213297661 35
46489677 7233
132383111 6293
390519656 5419
64188242 9384
176316836 6335
127945256 4688
38918663 7927
192237796 7721
286766126 6027
96145942 4513
92598695 8487
388387622 8952
11132160 132
87905878 9838
376267555 1074
232643510 6252
351093265 1786
311829664 6150
127120687 5845
169833496 8445
336716444 3163
342016252 1565
346307098 6832
390756065 1789
100041373 5701
83562752 6947
398275787 9933
5057927 8182
370243591 7644
98219526 3307
217837259 7454
233694902 6424
337386318 5340
161196280 9330
281602065 3393
284896687 481
265435694 5804
164606476 6398
377775573 4299
15771996 802
342920678 6678
278716190 5298
62689554 3266
329404849 66
270665580 6961
152415983 9
70148634 7618
144345435 8295
16439786 4123
35219444 2668
77701367 8785
11595310 9400
75639094 6779
142612172 6216
141051032 1159
554097001 30
53511260 6502
167949827 5526
536710837 1494
83687999 511
511220914 9292
335494453 4987
348637091 7029
333597148 9164
254897874 6677
410091739 3067
510433706 7767
329044369 3637
319440055 8382
80029916 1301
378255915 5320
231750426 7452
337375342 1397
290676637 9160
103785359 3033
367457020 615
551217567 4596
300997307 9434
396244988 6176
293695340 7969
229262819 9447
541725341 8960
547326361 6884
8639575 9268
465875420 2792
262019381 6823
297022508 4
191142781 8036
160144367 182
983153 5101
128639854 7834
1000000000 100
948000000 10000
984000000 10000
928000000 10000
949000000 10000
913000000 10000
989000000 10000
968000000 10000
964000000 10000
933000000 10000
931000000 10000
908000000 10000
929000000 10000
930000000 10000
932000000 10000
988000000 10000
924000000 10000
918000000 10000
998000000 10000
970000000 10000
916000000 10000
900000000 10000
923000000 10000
922000000 10000
971000000 10000
982000000 10000
914000000 10000
952000000 10000
951000000 10000
957000000 10000
986000000 10000
999000000 10000
920000000 10000
940000000 10000
943000000 10000
963000000 10000
921000000 10000
944000000 10000
961000000 10000
925000000 10000
903000000 10000
966000000 10000
954000000 10000
967000000 10000
936000000 10000
917000000 10000
906000000 10000
991000000 10000
980000000 10000
942000000 10000
977000000 10000
904000000 10000
974000000 10000
965000000 10000
976000000 10000
975000000 10000
981000000 10000
938000000 10000
945000000 10000
947000000 10000
901000000 10000
956000000 10000
953000000 10000
939000000 10000
919000000 10000
907000000 10000
985000000 10000
987000000 10000
911000000 10000
937000000 10000
995000000 10000
993000000 10000
941000000 10000
979000000 10000
905000000 10000
909000000 10000
955000000 10000
990000000 10000
960000000 10000
912000000 10000
935000000 10000
992000000 10000
996000000 10000
959000000 10000
969000000 10000
972000000 10000
946000000 10000
902000000 10000
927000000 10000
934000000 10000
926000000 10000
973000000 10000
958000000 10000
950000000 10000
983000000 10000
962000000 10000
994000000 10000
910000000 10000
978000000 10000
997000000 10000
915000000 10000
1000000000 100
999999958 41
999999940 59
999999960 39
999999996 3
999999934 65
999999963 36
999999949 50
999999959 40
999999981 18
999999972 27
999999948 51
999999983 16
999999935 64
999999942 57
999999924 75
999999984 15
999999931 68
999999899 100
999999919 80
999999932 67
999999954 45
999999952 47
999999975 24
999999982 17
999999965 34
999999997 2
999999988 11
999999905 94
999999910 89
999999906 93
999999933 66
999999929 70
999999973 26
999999921 78
999999987 12
999999909 90
999999971 28
999999915 84
999999900 99
999999964 35
999999923 76
999999961 38
999999928 71
999999953 46
999999962 37
999999992 7
999999901 98
999999989 10
999999911 88
999999904 95
999999979 20
999999990 9
999999925 74
999999974 25
999999951 48
999999955 44
999999938 61
999999957 42
999999985 14
999999937 62
999999926 73
999999994 5
999999941 58
999999922 77
999999947 52
999999914 85
999999978 21
999999912 87
999999902 97
999999995 4
999999918 81
999999916 83
999999908 91
999999898 101
999999967 32
999999950 49
999999980 19
999999913 86
999999956 43
999999944 55
999999969 30
999999939 60
999999991 8
999999917 82
999999966 33
999999986 13
999999945 54
999999946 53
999999927 72
999999907 92
999999936 63
999999920 79
999999970 29
999999968 31
999999993 6
999999943 56
999999930 69
999999903 96
999999976 23
999999977 22
253686713 100
118780733 630
134590563 8578
89080825 2334
83020949 9228
201562736 5674
150327820 2379
169117236 7994
36762552 6160
60355586 829
61582292 1386
249058230 6277
208100999 6018
78038124 8404
76825898 3356
233194026 2720
196721025 539
88634308 2310
247069233 6654
103093838 8542
172912748 6681
248912160 9284
216481087 5613
195933807 6149
252075409 8249
119660622 1501
66699231 7507
135064537 9133
134606105 9782
232370783 6009
111386564 51
91984026 5175
137788009 9877
4986729 7480
229974190 4983
27698829 9829
232938900 7566
41507002 109
35901840 6283
162543539 1138
71981317 5794
219670554 9844
244620484 1152
166712681 6866
221401174 5152
127361729 8979
153023683 9776
17401718 9350
133814786 1902
219950253 1036
214348388 7639
234889566 6895
86577957 7821
39066886 2209
40471190 3381
12728069 404
39272955 1392
50365151 703
30855702 4118
54077799 4606
10987803 68
159036566 4929
234339072 7105
225365611 1313
108721579 691
1758542 4587
200306485 5290
145698868 6556
161282080 4100
131903392 9891
4784461 2396
249552103 8243
39922675 2103
55928890 1048
25209386 4236
31979434 8228
127568471 6534
166769419 4151
149339353 7408
129016835 2937
149584882 7127
108387769 8728
95504144 2981
170102280 8810
41907726 8875
138824951 1421
193466648 7353
23967617 5015
102071571 467
202835181 1781
106351919 5615
206943234 5552
111086896 2182
249074333 3310
183808424 7315
231759202 6487
83616382 5540
180825945 3237
103356255 6438
93418404 7731
97790102 1859
562235733 36
120884060 5130
392122346 646
488636181 6596
337288883 1702
539423093 4579
485383267 591
359496511 5337
406469695 9213
177000049 4852
324036365 2084
340742480 131
468968132 9797
377668860 6381
100353512 1928
347627885 4955
527909073 4540
443668498 2944
361245232 1557
70773991 9772
277921642 3213
209414265 801
397310569 8396
260486655 875
418475293 9713
274704995 793
269860698 6292
155169248 1849
453189926 4869
93180186 8736
111329527 3980
164730938 9145
62146341 7670
115427603 2012
222708652 6432
494028028 9249
522137851 3531
114476472 32
39716425 6514
12219885 2711
81174844 7587
45041611 1620
58691783 4872
29158965 5269
32759526 9816
55659152 4360
50853473 9042
35940944 4886
29173157 6405
8812493 3774
81608300 602
68536811 5
10097836 2849
82355762 9555
78538006 6142
23311362 8983
91466735 8173
99187960 1113
39240651 8494
48516616 1966
110894286 2891
67794778 5521
101074493 2750
108953012 9246
91577118 5194
98139009 7668
62777270 3764
2687176 1749
53026028 194
14780746 7316
531879390 1
5305307 8089
303319343 18
86672637 8426
10246988 5365
32378558 8524
291030262 4987
148568535 7405
112139501 9793
231042842 5283
165426639 9415
226351987 6981
17233763 8
184242848 6749
190491976 3565
138835389 9990
249742858 1859
7869378 1998
249493644 4740
210364907 840
263313816 3358
37821361 5
11398017 9297
4603579 9500
275899 9781
32312049 4521
29522394 1458
649216798 35
595144436 267
621219041 8223
196963565 2870
139702707 3859
94618958 5722
502501455 4921
625499742 9686
307163766 1748
450266319 2521
64266014 5807
86452679 6803
492667529 7630
416391492 6122
92738619 3182
501489784 1219
606676445 3762
97860825 3059
66592807 2188
372238369 7746
401561551 6943
423654998 9189
95475868 6440
337326162 8974
571992190 8728
357241623 1275
425001569 8562
217417953 5246
238234854 6065
256944969 1723
182040500 3956
373504853 3145
230779804 9844
293589246 4490
275972561 2603
511814644 2597
606948157 26
74444940 3389
54168612 5766
267666218 5052
548888210 9430
175682712 7231
280702140 4074
82580483 1625
149650160 8276
79538417 8160
216200410 1453
122539530 5304
330340780 7949
300744022 4626
224518676 3687
163011405 3812
102200578 9531
303403879 7245
141368619 4629
239408037 8931
375603304 6112
139095578 628
87619255 8004
158059186 3394
161048753 1691
236296267 1475
69739155 2732
130500364 62
46505728 9312
126503352 7894
59309940 5862
82970325 7644
101858319 2850
66829482 1566
104316980 8794
35491230 623
69332215 2382
14718057 8625
6919156 1418
47048507 8290
60955540 1198
101975800 301
65991606 7347
22311610 5727
13520420 6625
113738796 2505
77782506 3929
79823815 2089
36883569 5273
82782637 6470
88182717 6179
50560608 6131
99347703 7556
57538793 9977
124177662 2535
19226948 5441
56695734 5573
14574747 3882
76383611 7979
28134638 207
40008548 1600
79619491 2665
106676164 4720
28112706 4845
4802085 2213
19805537 8831
76795985 2249
12086902 7194
95176382 9174
16528723 7813
44150545 7322
34287821 6674
75919907 5118
10073145 8895
76600462 1069
11762760 6016
30428489 4910
82050762 8087
32116776 9029
83192820 3489
104490683 5306
53822540 3978
119746444 429
24399501 3211
33084766 6200
24583005 1778
58228767 6925
125229446 5487
129480117 9174
77483476 7308
200000 100
8573 9
4045 4
2045 6
638 10
6519 2
5738 5
684 5
5586 8
7562 8
695 5
8324 3
3803 6
9713 8
2469 9
2489 2
9006 3
2851 7
3933 2
1667 9
8785 10
3696 3
956 8
885 7
6719 3
5045 4
6620 8
5919 9
5367 6
1341 3
9947 9
8125 4
713 10
1550 9
5720 2
2625 8
2214 4
5369 4
475 10
260 7
630 7
5000 3
5938 10
7193 9
3863 5
5048 10
5638 8
9262 7
9188 8
5227 2
1495 5
426 6
9209 10
3669 2
4903 5
1429 10
7810 7
5173 8
296 9
4737 9
3925 8
8483 10
9325 6
9948 1
7778 6
7381 9
8746 7
7176 7
6526 8
237 10
4841 8
5001 9
7542 8
666 2
3725 8
7246 8
5112 3
1797 6
5041 7
7074 2
3974 10
8993 10
5322 7
4337 5
7668 10
9032 3
4467 6
2759 5
1361 2
23 3
7104 6
8900 10
9141 10
161 8
9279 6
503 2
5057 8
8482 3
2846 2
4548 6
191 8
367583108 4
330001679 9863
70464402 8967
35368755 9096
338105488 8021
999696422 100
206543155 7995
512229438 2165
56076428 1507
592487017 4709
893560389 9939
434877761 5763
834591415 4667
302863237 1536
989521537 630
728792767 6634
90427249 5669
69734584 3998
843025728 5591
710479911 5164
7695811 944
887162871 5983
97081238 1349
454503182 588
622409883 9510
775134725 8505
800497440 4730
201541702 5532
624313847 5952
10514253 4091
326299713 2283
23359957 6942
752959723 8725
627533627 1399
403839496 5427
610620672 6518
113335445 2447
708709390 1800
751659033 6605
644215346 7544
753507276 9414
597614768 1714
125567084 8219
162526319 6757
541071462 677
542780492 6458
461851933 4463
209126120 8317
955806260 299
926554428 3353
633187397 7364
135762308 8993
954282361 3016
891264057 3927
287477806 9700
933918455 4985
604311188 6595
215650408 5230
348154716 5910
934380272 9436
566383134 3785
8324010 6933
443627967 9909
506263112 4883
409934897 7369
21155147 7921
8551146 8326
340555668 4463
199654821 4808
847938837 3330
92829635 5568
73496365 8455
4497264 2868
434426742 4655
429057792 9611
377257314 6840
223245480 1740
775572098 1638
296172288 3527
879016988 6519
223327357 6953
173964344 9957
394570713 4428
113805229 562
98467381 5311
815634868 2735
786568719 6500
342838444 7719
837888158 9021
155574409 3309
18057294 2551
521312395 8259
630047506 2123
463888669 9413
724833718 2962
624880818 756
994707605 4720
730967372 1172
369404729 8186
771237405 6820
112391835 8826
710199148 9365
339198081 4030
499869132 3851
342758417 5144
485326043 4371
836290702 40
335753655 5523
350128166 5256
408364408 9881
75178043 5645
656654612 7102
674931779 7458
670063052 5111
79944026 3886
386126425 6930
784882166 8433
569320498 3626
178018436 9485
278324071 143
779349678 5348
72067438 9594
256112858 9807
266050851 7458
493437942 6071
22870321 5075
351413527 9113
468784286 3039
554179589 1126
449082622 8089
368628607 9585
471330596 5902
122180741 4328
292915760 4174
512842140 63
764794269 5353
693265028 5518
800599396 488
323990412 9054
651696436 5688
443490844 4508
404754137 8265
144572926 7564
794460471 8178
755900606 5185
196794468 6704
488637607 855
177228310 31
104285175 4686
142246562 8050
47177682 3885
70924606 9736
81613332 2117
15034191 9098
163552231 4515
61053041 2401
131673636 6018
154537678 8983
42062839 5782
32434473 7647
42029978 3416
111040820 5898
168342669 6443
134387605 7633
123203338 4562
20404694 5280
163283777 8997
72242519 4549
120197149 5003
137996319 8186
41989823 2884
83910174 8250
35893615 1395
168050894 3113
96166412 7796
116679332 2495
56248288 7451
4943333 5751
389125 695
114596063 18
5341663 3397
21949495 4808
66716384 4005
100297472 129
87369117 3196
29462937 414
26609290 7026
97330140 9863
114072121 8433
67015996 6894
75666347 4506
69811608 6484
76378889 9872
47127239 3056
110498878 3331
81207517 638
20956957 8363
88724547 4698
705789274 65
433844900 7705
52447099 9359
7374908 9261
450941279 8185
389859902 1413
521203581 8712
29803503 3014
340883905 4498
157310844 5828
64225156 9224
490223870 8801
257164769 9159
379915243 9690
31333215 3584
236581300 2169
571684359 2694
222423016 5016
225259780 4348
153947820 2404
603490909 6482
374957849 4904
59015212 6018
379148805 5536
372187315 8221
293846463 3800
126779628 7555
304654252 3853
178648545 4243
337747999 2621
462884597 5103
647051081 4182
614067754 3759
420323573 3811
549362918 5317
392966938 5896
350118903 8168
696512226 6984
223627373 557
394920386 2048
70164627 5392
130466131 1329
183318330 3039
411208254 9101
456398168 7895
705263724 74
309269649 3311
209815434 4416
63517456 9361
148630249 9978
686787311 4446
281556555 6485
351713157 2705
42393749 6826
184690704 833
5903469 9312
629461347 9712
103198968 7877
522594638 3080
195895490 8004
643713417 1463
132610256 6188
197640093 3491
562165573 2242
622615046 5234
591727769 7871
119774175 1
88812512 6084
145831100 100
31622160 8893
81386734 2925
13063987 2133
130503322 2684
101488469 1223
104666346 8211
12564272 3059
90229649 1520
75398496 3278
27252048 2678
86840781 8491
91108479 3790
138568353 1579
122978667 1610
124096698 4897
136548870 5974
35937514 7066
57921246 8447
109700592 4749
118202521 7341
35982410 3134
113825723 29
83850239 2578
113511729 600
121651847 278
132860241 8513
81313147 5624
47494097 5786
84044020 4648
130386786 603
102122966 5630
24967846 9687
45343004 6833
76874649 6051
42709602 4807
131330577 3562
79860815 1148
2145723 4860
25387912 5483
143213326 2431
79640774 446
135361157 6132
112818210 4408
102457327 5365
98719873 7211
70166043 4329
10576414 6646
76459517 4444
143825564 2822
121468905 2291
6548837 1879
11223544 5658
14130263 744
212530 4604
38661183 3989
60570749 546
129418468 9237
44871370 456
96777117 1881
123777314 8542
56866384 470
24143848 3285
8155978 8073
132018294 7132
109651117 8630
29459111 9020
121353908 2772
107956645 7398
95656630 1726
61561461 6731
25361399 5409
35807198 3557
141381782 7150
43655354 6115
15934639 8746
96111753 371
21239282 7059
34020615 869
7349261 4459
69829116 7293
15358494 6351
44585402 1163
125579188 3523
94198690 6331
56468713 5416
113856237 420
75417783 6257
13851907 9354
76346218 7437
48369777 9575
40764089 8763
34870858 7461
108728204 159
1082162 654
4995721 2380
121865025 2193
133345459 1064
142031615 3562
137556471 3569
17468243 1812
1000000000 100
44 58
33 69
68 34
6 96
98 4
86 16
26 76
59 43
85 17
100 2
67 35
84 18
78 24
92 10
13 89
64 38
29 73
1 101
5 97
25 77
46 56
55 47
61 41
77 25
27 75
20 82
96 6
7 95
34 68
51 51
4 98
63 39
99 3
35 67
9 93
91 11
38 64
50 52
2 100
16 86
75 27
21 81
83 19
95 7
82 20
90 12
58 44
97 5
73 29
22 80
71 31
40 62
19 83
72 30
76 26
37 65
36 66
3 99
88 14
31 71
89 13
87 15
17 85
14 88
57 45
43 59
11 91
54 48
48 54
70 32
15 87
93 9
74 28
79 23
18 84
49 53
80 22
8 94
60 42
32 70
47 55
69 33
94 8
28 74
52 50
30 72
66 36
53 49
10 92
24 78
41 61
23 79
81 21
62 40
56 46
39 63
65 37
45 57
12 90
42 60
200000 100
6156 4
4919 5
5050 5
9240 3
5693 5
1667 7
6634 5
8241 7
3012 5
4019 9
8503 10
3404 4
2972 4
6466 8
2511 7
7513 6
6609 5
6953 9
6016 2
1016 4
4145 7
119 3
6662 8
6893 9
9860 9
1982 10
6235 7
4910 10
5391 10
4292 10
7557 3
6518 3
662 7
2246 5
7618 2
5221 5
1034 6
3605 10
6116 6
5602 9
6054 5
7994 4
9549 6
4904 10
1598 8
8526 6
4049 3
474 2
4965 4
3025 6
9719 4
5047 10
822 6
3913 3
4142 4
8652 8
1082 6
6904 2
5672 3
8280 3
2990 3
1083 4
5000 7
5918 2
9816 3
714 4
6170 2
9971 6
7915 9
9360 8
8590 5
4520 4
5826 7
9838 3
4362 7
2916 2
6328 6
9248 9
3737 6
6230 6
882 8
5485 10
8543 3
8276 4
5713 6
66 2
7421 3
7437 8
9972 1
7483 5
7089 8
7099 10
2490 2
1435 4
3520 2
2400 2
5573 6
1895 5
1820 9
6548 2
200000 100
7363 8
1498 8
4650 4
6913 4
4835 10
3018 5
4004 7
8236 10
7636 6
8561 5
2335 3
3541 10
1523 9
5371 5
4727 5
6955 10
622 8
3526 8
2812 10
1495 7
9441 8
7197 10
7630 2
2730 8
1239 2
6922 4
7027 2
2887 5
2231 7
5813 7
1221 7
7331 10
3703 6
6199 3
590 5
2638 8
779 6
1289 3
9118 7
8603 9
6428 2
8341 2
6307 10
7830 6
9486 8
7620 4
1735 7
1401 9
1384 3
8765 10
9278 8
2601 4
9181 3
4127 4
1101 2
723 7
5648 9
8325 3
7819 8
6939 3
579 10
2548 2
9498 6
5000 9
4132 10
4921 5
135 2
2175 2
6189 5
975 10
3638 3
2755 8
2551 7
4379 3
7123 10
7789 10
2732 7
9371 4
4789 8
3884 7
4502 3
5806 8
2491 8
2228 10
4752 6
2676 5
3602 10
7017 9
3873 10
1335 8
1013 8
5749 4
4918 9
9891 1
6632 2
7952 8
4001 10
7709 10
9890 9
4686 5
1000000000 100
940000000 1
960000000 1
971000000 1
963000000 1
911000000 1
996000000 1
962000000 1
930000000 1
924000000 1
919000000 1
991000000 1
956000000 1
953000000 1
950000000 1
966000000 1
977000000 1
980000000 1
917000000 1
906000000 1
946000000 1
976000000 1
907000000 1
998000000 1
952000000 1
954000000 1
978000000 1
944000000 1
914000000 1
987000000 1
948000000 1
920000000 1
984000000 1
903000000 1
931000000 1
941000000 1
915000000 1
913000000 1
965000000 1
993000000 1
932000000 1
967000000 1
910000000 1
974000000 1
902000000 1
989000000 1
947000000 1
973000000 1
912000000 1
961000000 1
949000000 1
968000000 1
988000000 1
999000000 1
983000000 1
936000000 1
926000000 1
981000000 1
986000000 1
982000000 1
969000000 1
972000000 1
955000000 1
934000000 1
933000000 1
959000000 1
921000000 1
994000000 1
964000000 1
928000000 1
958000000 1
929000000 1
909000000 1
922000000 1
995000000 1
957000000 1
951000000 1
901000000 1
905000000 1
908000000 1
916000000 1
992000000 1
970000000 1
925000000 1
938000000 1
939000000 1
945000000 1
985000000 1
979000000 1
923000000 1
935000000 1
904000000 1
942000000 1
937000000 1
927000000 1
918000000 1
997000000 1
943000000 1
990000000 1
975000000 1
900000000 1
749162993 13
546562520 547
456365565 2247
276846869 8414
576743708 843
524479150 4560
339770139 5096
280722374 1255
563601086 4363
51888334 205
297711782 4826
429205777 8340
434564669 4326
265579711 5063
757044845 4
290876322 8175
349764518 5029
728056176 5901
286390984 1079
200000 100
7384 7
6943 4
2766 10
7188 6
2555 4
4949 10
7595 3
7888 10
5197 4
7151 10
6739 9
5127 10
7360 9
4703 2
9795 3
653 3
9495 10
1010 7
4195 5
1196 8
6543 8
2505 3
7499 8
7692 7
9278 8
8249 8
7928 8
771 8
5157 3
1269 6
1538 7
2924 5
7867 7
9234 8
9183 2
126 3
1702 7
6048 3
5046 3
1616 3
1762 7
4150 5
2986 10
8830 4
8779 7
7446 5
6192 4
1505 3
7191 10
4758 10
6806 9
2893 9
2783 7
484 2
195 3
1881 9
6845 6
7353 10
4341 4
5426 2
7731 9
7844 9
9480 9
4609 9
7737 6
5935 3
6494 8
5471 10
4848 7
3835 2
4574 9
3985 2
8885 4
908 3
7809 2
1044 6
8967 4
7959 2
8896 5
1539 8
5148 2
9934 4
2134 10
4577 8
221 4
1436 7
3778 6
4061 2
1672 5
5912 2
4086 3
848 7
5337 2
1206 10
910 5
963 3
5958 2
5000 3
1600 3
9935 1
79479484 11
27905829 1141
37177178 9841
171883 3306
45972697 200
31540889 6220
66809304 7638
34615241 2994
22519232 4584
245234 5895
24308128 9983
34727300 8055
598505191 5
501501898 3200
244416413 8496
531712206 3102
139029981 1662
372881837 1801
496787468 2
300790897 8970
353260769 3557
200000 100
7732 9
8522 7
9707 5
4996 2
71 3
5610 3
5341 7
316 8
1403 6
2438 4
7395 10
7774 7
3067 5
8200 7
2132 3
166 9
5580 9
3471 6
4777 6
9790 6
6576 5
4605 10
3831 3
5166 5
5818 10
9869 8
5000 6
6067 3
7788 8
7421 6
1493 9
2169 9
1158 6
1737 5
4984 4
4190 7
5354 6
9870 1
4565 10
7284 7
9278 3
9317 5
6198 10
9772 9
3453 10
6798 4
6483 9
765 2
3291 5
8392 9
7468 7
79 4
6928 5
8394 3
1011 7
9408 3
7767 4
6447 7
8614 10
7609 3
6916 6
1261 4
214 3
4119 8
2823 7
9542 2
9093 6
6779 5
321 3
9162 5
7207 2
2780 2
829 9
9492 5
2923 6
7267 9
1883 7
9827 4
1985 3
7079 3
5500 3
5476 4
2206 2
7087 8
3138 3
9479 10
5154 8
1995 7
409 2
4714 4
3001 3
1591 8
4943 2
6830 6
1692 5
8171 4
6395 3
8196 8
3884 6
3952 9
780325974 16
650904046 7477
527614320 5321
91594172 7191
307570594 4256
428792556 4282
731502211 8995
542046866 4478
514947015 805
456892197 9618
737978980 4607
651952460 1767
9769616 5289
331699983 7876
4885264 267
418796651 323
326922818 4904
200000 100
9655 10
3373 2
3893 7
4041 7
3676 10
317 4
5306 6
7711 5
5691 6
3467 3
2531 10
6567 9
825 8
290 4
7429 10
6030 9
35 8
4420 4
7395 8
106 7
9951 1
7096 4
1027 3
8021 7
2663 8
5710 9
3678 3
6742 5
8552 10
3838 4
3148 8
125 8
8001 8
2338 6
7308 5
9051 3
6093 9
3476 6
1517 9
8797 6
9950 7
6681 6
3124 7
2686 9
1898 6
6086 9
8358 4
4411 6
5000 7
4172 7
8400 4
7608 7
785 3
7253 9
5488 7
9030 2
8990 5
5922 5
3566 5
767 7
9092 6
4468 2
6906 6
4904 9
9353 7
5148 8
996 2
5433 5
8953 7
846 10
4444 3
7759 5
3296 3
1342 5
6387 4
5796 10
1899 9
3096 8
8135 5
3322 8
4072 7
7741 7
8334 6
4117 5
9497 4
6396 4
6948 9
5868 9
5579 9
5053 10
6622 8
3780 6
6095 10
5095 8
9628 6
1997 10
586 10
1115 9
77 3
1036 6
625239239 6
265531480 9452
180710688 7719
382426259 460
359264475 8454
256790654 2924
402532156 3534
305293907 26
90611900 1711
148039398 7316
159967002 5290
116755896 253
285691921 4495
18751840 982
290349042 2183
26790854 8976
160820141 8486
175737925 3652
42170866 1219
17054019 6597
108541975 3366
143416274 1882
115730741 3783
190275343 4299
212545670 6454
294400431 5575
149223678 7700
283249327 3918
95762852 8203
243739977 3806
209676750 4231
2567165 1563
47941231 6138
285227036 5643
9392412 58
7180873 1408
641380 219
5480821 199
8255660 8886
6750489 5443
7801374 7663
7694459 8465
1266275 5154
2431139 2292
5879366 2414
7452463 9868
3954164 4140
8266785 9938
9170640 9611
4533981 8813
6315515 3334
95909 2033
919017 7433
5355297 9448
3594623 1534
7326754 3040
5315164 1913
6946886 4539
1703972 7525
9327794 1923
8573299 1382
2701478 289
8990295 4535
5698891 841
6434534 9150
6183596 8362
683938 410
5626939 3375
9382098 2145
2303695 2444
8551800 9184
7954029 3390
2843271 5439
6726747 8653
4709721 9545
7683028 8715
7451765 5896
8256745 1366
5924102 1160
5679266 3369
4631682 3966
3993298 1097
6431597 4047
5011635 7698
2470334 569
2430637 2249
1903195 1735
2754947 4432
8971399 3544
3152740 6986
3175149 869
2833463 8868
3184503 9320
1000000000 1
999999999 1
34556879 9
11646795 8287
6348916 6899
29214764 7843
7362519 733
27774382 2338
15172974 4383
13815485 4603
3124637 2490
31102000 9048
200000 100
3555 6
9333 9
9719 8
1163 2
867 6
6355 10
6607 4
9865 8
8334 4
2196 8
5727 6
8291 10
2081 3
3305 5
363 4
3372 3
5000 3
7458 3
5256 4
3162 8
5570 8
1628 8
8048 4
2055 8
8636 4
7258 2
9408 4
9954 1
5942 10
825 7
5798 7
8144 4
9262 4
4632 9
6790 8
1586 3
9295 9
8067 2
7524 2
4839 7
630 6
4951 3
9894 4
6590 5
4807 9
5568 9
3677 8
3053 7
4960 6
3175 4
8941 10
4323 6
9642 5
4170 8
3667 2
3463 5
3786 6
3166 8
3279 3
2287 4
7916 5
1958 6
1797 8
7985 4
8198 2
7244 5
3036 5
6701 4
2556 3
4617 8
5171 5
3519 6
7580 6
3530 4
3754 10
6379 8
2313 2
3948 7
4102 9
7067 10
8695 6
115 3
4466 7
3751 3
1211 5
9953 4
2312 9
3968 6
796 8
5477 3
3205 7
2967 10
735 6
447 8
3433 3
9590 3
7363 10
4563 3
6002 4
9448 10
40474334 3
26321624 8564
3959883 6070
9988808 8285
798073733 10
20852975 8645
205475448 1118
318206157 7435
322077251 5251
144814018 339
588921388 4441
160300156 201
630473749 8448
474743093 4238
160213251 8591
752527702 57
664932498 4265
700978611 2113
580067465 463
140505452 2501
654087252 3243
207543494 8841
371232714 525
599757966 2749
149525900 7371
561218592 5218
476128090 3893
455235380 8045
516208153 1346
110505644 5262
460373145 4284
711957805 4020
70450170 7570
229777370 5411
484519009 2533
244027620 3832
4241465 6391
312071135 2516
415251742 3022
73537580 4750
374926191 5691
660746738 4487
545853704 2400
426631513 5982
45229293 3326
372736876 6085
353515001 9352
127875712 3498
570047837 2510
607586946 7840
269649577 8300
437201624 1553
265731555 5823
650386463 9518
595646148 223
352801096 3897
600496874 2913
653933249 7966
748358098 3736
128864116 3491
257890784 6330
536951886 6881
25965128 7278
474445348 4359
115525622 1999
751795023 7181
38352364 180
476473709 5952
422360798 6247
421252019 8365
637767703 2470
413444404 7497
662385105 4139
977493231 78
520635091 636
336275819 2002
937294432 2889
319187204 2519
433496546 9124
325300824 6855
764882492 6874
331460514 8665
577002729 8153
861320787 3939
172554603 2727
490879284 6396
800706599 9238
802384828 4675
710473434 5094
486422278 4059
605023401 5027
772016969 8052
664327721 6606
247071401 2197
837103692 4125
496854163 2454
224773328 112
258787344 2926
443077778 8576
461653731 5312
502306218 9649
805092875 7152
132943808 742
349849549 5287
776971425 9410
269841488 8246
822717679 1581
320349653 4931
863849075 6727
424485257 9346
925086928 2219
304229868 9902
448372486 7496
543328238 1890
367913109 3933
803698633 360
618198064 9318
433935762 1733
26365711 639
466539392 4397
112963985 6648
645972828 6627
943634403 4681
392152327 7662
838024439 6436
940711293 9779
364079581 5958
729485837 1835
531860797 9425
501743136 6582
414946418 2322
760752416 7375
899351305 4839
919367144 9181
260081338 2617
624951737 4333
534738773 2048
727863908 9918
910320389 7499
765495188 7199
825321407 5385
749493893 5370
308887395 6252
872114757 984
272500814 6830
82330306 8461
765797746 348
657302090 9939
166668462 1747
670162999 8352
950417708 9356
618759191 3688
1000000000 1
999999999 10000
1000000000 1
1 1
200000 100
2818 10
8579 10
843 5
2618 4
5547 2
767 10
7158 2
1217 2
5974 8
9648 2
5159 6
710 4
6937 9
8574 4
570 9
4181 6
7084 6
8513 9
3236 5
9554 9
3108 2
5235 8
9392 4
4433 4
8390 6
350 8
7766 6
25 4
983 6
3872 10
3418 4
10 4
5674 10
2962 5
3605 6
4859 9
6400 9
7761 5
2954 7
7410 8
9957 3
1192 8
1652 4
9840 4
6258 3
8130 10
2389 2
8661 7
5744 10
901 7
1835 3
2459 7
5000 2
6802 7
7325 9
7785 10
3327 6
5585 5
2085 4
2886 5
310 10
6608 6
548 7
3639 10
8616 6
368 7
3191 4
6502 9
6601 8
9813 5
2582 6
78 6
5705 7
6057 10
6818 4
8240 9
1311 2
9979 1
5452 9
3683 10
5290 8
9978 7
6327 8
8750 3
1040 6
9049 9
7579 6
2339 3
1657 2
3691 7
3241 9
6734 6
6087 8
5607 10
3167 3
7124 3
5545 5
1728 4
5170 2
419 9
773629426 44
352144010 7273
246288361 8609
521004118 9355
215765933 8975
468763596 6680
750855463 610
164229416 811
372830450 40
551689031 9418
747527948 128
486771835 7777
281708716 9829
699307037 7284
427478869 9203
299659018 2920
211992780 3892
343720940 598
405024944 670
499999178 9431
504552743 2187
750894804 1061
621466307 4714
9578154 8967
588326329 128
646338871 5253
143233827 4856
156018337 726
620482700 5492
137170972 2271
526793485 5976
434815401 8296
64987451 815
367418259 3888
589639673 764
772787478 6272
741460724 4324
694079976 7893
419840324 7062
638359936 7381
527071174 7349
379065851 547
591624039 4052
198627210 7311
184547282 200
1000000000 100
12345671 7
12345584 94
12345670 8
12345659 19
12345629 49
12345614 64
12345599 79
12345669 9
12345660 18
12345605 73
12345578 100
12345603 75
12345650 28
12345649 29
12345662 16
12345674 4
12345639 39
12345604 74
12345595 83
12345656 22
12345673 5
12345591 87
12345626 52
12345667 11
12345618 60
12345579 99
12345653 25
12345666 12
12345613 65
12345610 68
12345598 80
12345665 13
12345645 33
12345632 46
12345642 36
12345590 88
12345601 77
12345675 3
12345664 14
12345620 58
12345602 76
12345658 20
12345622 56
12345638 40
12345621 57
12345592 86
12345609 69
12345611 67
12345655 23
12345643 35
12345581 97
12345587 91
12345612 66
12345593 85
12345589 89
12345588 90
12345630 48
12345663 15
12345641 37
12345597 81
12345586 92
12345577 101
12345607 71
12345661 17
12345583 95
12345580 98
12345657 21
12345624 54
12345654 24
12345608 70
12345640 38
12345594 84
12345636 42
12345676 2
12345627 51
12345637 41
12345644 34
12345635 43
12345623 55
12345633 45
12345647 31
12345596 82
12345600 78
12345582 96
12345615 63
12345651 27
12345628 50
12345606 72
12345631 47
12345617 61
12345646 32
12345585 93
12345648 30
12345672 6
12345619 59
12345625 53
12345652 26
12345634 44
12345668 10
12345616 62
1000000000 100
3700 10000
3200 625
4500 10000
1200 1666
4800 416
5600 357
1700 10000
7900 10000
5400 370
8600 232
4100 10000
7000 285
6600 303
6400 312
4300 10000
5900 10000
4600 434
8300 10000
2000 1000
100 10000
8700 10000
6500 10000
900 10000
7600 263
3600 555
1000 2000
5100 10000
800 2500
4000 500
4400 454
5700 10000
6700 10000
9000 222
300 10000
2500 10000
9600 208
3300 10000
8000 250
6100 10000
3800 526
700 10000
1300 10000
7300 10000
3900 10000
3100 10000
7800 256
9900 10000
4200 476
4900 10000
2100 10000
5300 10000
600 3333
4700 10000
5000 400
9200 217
8500 10000
8100 10000
3500 10000
200 10000
1100 10000
7700 10000
3000 666
2700 10000
9800 204
2400 833
9100 10000
1600 1250
2800 714
2600 769
5200 384
6000 333
9500 10000
9400 212
7100 10000
1900 10000
6200 322
8900 10000
8400 238
1800 1111
5800 344
8200 243
2200 909
6900 10000
9300 10000
1400 1428
5500 10000
6800 294
7200 277
2900 10000
7400 270
1500 10000
400 5000
9700 10000
500 10000
2300 10000
7500 10000
8800 227
6300 10000
3400 588
10000 200
645384081 26
369739465 9373
162675779 9822
210641707 3945
312667791 2230
579192937 3882
386923861 9464
140428971 9279
440499614 5580
142113432 7411
282668571 9135
386269275 5636
329100289 2490
540344065 5416
374005061 7402
170729497 7060
181637721 3113
53662726 3163
280454066 4517
525201531 5619
560852291 8000
251093162 3915
79613562 8777
269117957 7248
556703918 6011
410069598 305
62574138 8443
211182463 12
107309588 2305
158495369 6237
195816593 1984
93298554 355
21184123 4250
123120728 3645
180648634 1260
83843749 4334
41791857 9587
84301857 9721
41811817 9510
205902929 195
705489943 3
264586737 4249
242495873 2365
154078846 5647
726440973 100
469714073 370
653832161 2530
462701592 9095
560803606 9066
623598006 5019
543583970 7313
549839300 8192
146815251 4309
49772489 7745
413759045 5390
454028870 9903
40669137 2189
194281602 4879
412930413 2857
143780171 1889
94942546 8418
665895863 2285
458154989 4235
435784678 8586
333516179 2229
692962689 3560
400511991 1353
255503031 905
635482331 2927
238977634 1595
428063571 9028
85166302 2413
284380785 3389
538515277 1841
149452672 4913
488561232 8821
43552699 9859
628478205 1222
521936356 9132
302140711 6322
690011182 5559
314392455 7395
204390130 9237
414067434 1039
144997175 746
486180656 7571
180056327 3113
618152226 4928
112481038 5896
106826803 65
288509871 7499
504590613 9422
450228550 6463
78290992 3640
185553337 5696
495967631 4610
297864321 7794
255893357 7386
390873600 1757
188492674 8665
625453114 2073
493757382 6780
424643649 2533
57055556 7012
325959539 2902
165459765 6217
10575716 9258
446630680 7282
331512962 5962
148141316 6556
371151894 1200
408451838 3494
596968918 7843
417972897 4120
597743148 1333
460945464 1349
4340082 3703
206550692 3133
641005224 6800
103537486 6345
379365675 5120
486820337 2336
304891509 1676
447907375 4620
341158733 1303
60719546 8171
71476731 6935
84657318 2786
77297595 5597
348285780 4527
412424716 8571
445789212 385
636345857 9656
211702364 926
173862155 6174
254100839 3132
350009882 1325
252987536 6691
124006527 8656
227245338 8012
682491529 3120
473084596 6837
439535659 9191
258198543 8394
596513714 1448
425225392 1
104189419 4248
2 1
1 1
979822730 13
232482324 2695
88418473 2198
686870978 3506
488701292 5542
495297905 9637
779213684 3931
528099540 5025
842327615 5314
953031773 4285
974759834 2601
455548711 797
812436293 7505
18482429 5240
1000000000 1
1 10000
641070845 12
376693737 1926
335218639 4370
429923252 6797
34889111 4978
346601944 173
293997893 5639
621032950 9565
165619182 1385
305182530 7766
448609169 9444
332398349 2525
106318489 4334
136459783 100
83476189 4826
130121341 222
32488282 9982
92077507 7570
24813287 3751
97048848 7053
129452078 3169
68216573 1740
78286159 9493
19556361 638
104971156 1214
64307864 4270
57202853 8760
21337980 3242
124076845 1417
9222676 8225
87773179 4410
88401909 5564
55653823 4768
111143993 2469
12371817 575
111366117 9527
81795430 5663
87604049 6927
69277226 3303
3728868 3660
23894211 204
120663604 2692
41132890 5331
95668760 1117
88534718 1060
48744265 1654
14683461 5896
96520319 6599
61883224 2071
104836601 2001
49844673 9772
133888606 6109
47413796 1815
125055394 8198
84052782 9177
73373993 6933
40211677 2153
86795371 8393
30145616 5757
74465192 3900
20566270 5656
17515629 4466
19563637 7289
87760044 1725
73639338 4768
4849796 3837
104774272 1813
117874512 2434
1836425 8985
117009957 5393
77234359 4974
61551998 2508
135427840 2553
5597908 278
30724632 1315
62858282 571
32600984 9903
63876963 1724
118843607 7510
73756531 6859
18298401 6875
26092173 6772
115717 4766
125099772 2585
22978388 1944
16363175 9079
79855815 8996
26481638 6786
9976794 6361
72409753 739
98636496 5665
47382020 528
3235427 208
8018615 2293
2376500 746
55621454 8565
104293952 13
77223368 473
47192279 4521
133662407 8281
36959213 6755
71891591 8830
87365974 8842
39200443 1580
121241446 1922
59636194 9934
75026055 3864
114519960 8481
55613595 8221
81829173 131
83278064 7655
43860132 6720
91848085 9816
58035041 3152
200000 1000
2411 2
3954 5
8489 6
8610 10
8389 10
7793 2
6764 7
2996 7
5284 6
865 3
3874 5
4890 2
1383 7
8612 8
9811 7
8673 9
9777 4
2864 2
1682 9
1532 2
7833 3
7066 10
3649 5
4345 7
2762 4
1467 2
1867 10
8344 6
3178 7
7983 5
158 10
8059 6
986 9
2397 4
4568 9
9539 2
8575 4
9806 10
7375 2
1211 4
4483 7
587 4
7526 6
7476 3
6824 8
4455 8
7524 8
5257 7
5113 5
618 4
5065 8
1932 9
4184 10
9801 7
913 6
7409 6
8051 4
2447 4
6776 4
8709 5
8315 5
8799 7
6899 3
897 6
5160 6
8158 6
8703 10
9383 3
5968 7
156 4
3711 2
8212 2
7712 9
1524 5
4488 10
3775 7
3956 6
3659 2
3341 10
5981 7
5024 7
6287 5
2049 6
754 9
5984 4
6713 7
431 5
9602 9
3177 5
9315 5
7026 3
5252 8
9387 2
1951 3
4012 6
9357 10
6193 6
1190 4
5046 8
9982 8
6697 8
6560 6
8939 8
57 5
2644 7
3479 7
7702 3
50 6
2236 8
5997 8
752 3
1439 2
3771 8
7741 4
4197 8
6142 8
4497 7
7875 4
5081 9
8664 4
9044 3
151 6
9935 8
1275 3
1066 3
5623 4
5135 5
3597 3
8505 5
9342 6
5145 3
7665 9
3300 4
484 7
394 2
7021 3
4335 5
8170 10
3369 10
155 10
1760 3
878 8
7077 10
5663 4
8114 2
7688 2
7020 2
5302 9
7557 4
4915 7
5323 2
6260 6
3413 9
6154 3
9335 2
3484 6
2984 8
8727 4
9083 10
3717 4
4783 6
9667 8
8789 4
1523 5
7774 9
4066 6
2387 8
1317 2
4361 8
7129 3
5692 7
8235 4
9530 5
477 4
5879 8
3293 4
6232 3
3684 6
7179 2
6799 10
9378 6
1536 9
3530 4
4587 5
5319 7
8429 7
3582 4
1323 7
9834 6
7969 7
6972 10
4446 7
5048 9
7369 3
3290 6
9812 6
912 7
3601 3
5726 6
8872 8
3297 5
4021 8
1566 5
4068 9
1294 10
4316 7
8480 2
7139 4
8623 4
4438 9
7436 4
1617 8
6165 5
983 5
347 4
7987 6
1902 5
210 9
1729 2
2921 5
2768 10
6905 2
7682 6
5618 7
2781 10
956 9
8885 7
8032 9
2981 5
6184 5
4136 8
2645 8
5887 10
4774 10
7789 2
6821 5
4911 6
1986 6
4712 2
8098 9
8685 6
4812 4
3768 9
1229 9
3334 5
3425 9
8307 8
2073 7
7206 5
9256 3
7962 3
5827 5
9967 8
5010 7
7360 7
1853 6
2255 9
9293 2
7011 5
9998 9
5685 3
8304 9
9654 6
1045 5
5564 3
7714 7
3865 9
3798 7
4110 2
6897 4
4254 4
7385 5
4562 5
6000 8
6290 6
1332 7
295 8
3180 2
6663 3
2435 8
4611 8
5693 9
781 9
1077 10
2039 7
791 8
235 2
102 5
1893 5
816 6
4489 4
1862 10
6424 6
7265 6
658 2
4300 2
3982 6
5826 7
9869 9
1820 9
9412 9
5376 10
8580 10
437 3
4838 2
2676 7
7442 7
696 6
6021 10
4248 6
9339 5
225 5
818 3
9005 3
9632 4
3587 10
9281 2
8151 7
3436 3
4447 2
2008 7
3275 3
7921 6
6355 9
5401 8
283 6
7853 7
51 5
6683 8
6957 8
8102 8
844 9
7982 4
2692 5
1305 3
7475 9
4028 2
4461 7
1614 6
8056 8
6522 2
8952 6
8719 4
4295 6
3121 5
8949 6
8670 10
5931 5
8007 7
9999 1
3136 6
4122 5
3097 6
7296 3
5728 10
8541 9
8037 3
3236 6
505 9
8380 10
5366 7
5807 6
9653 5
5328 2
341 9
9042 9
9127 3
4861 9
6069 5
4802 10
9502 4
3028 4
1418 2
7911 2
4937 4
2161 2
7205 4
9684 6
5187 8
3435 10
6754 6
5131 3
1024 6
637 3
1817 8
595 8
1395 4
7446 10
5346 9
4297 4
7614 2
4958 3
272 5
132 8
1348 4
9247 7
1567 10
4355 2
2486 7
3616 8
9036 6
1856 9
7792 5
2333 6
9481 2
3350 8
5308 4
3012 4
5002 2
3116 4
5616 4
7155 2
725 5
9616 7
451 6
3439 5
879 5
2700 8
9710 8
9562 3
8515 4
2308 4
3689 5
4938 2
3871 6
5633 9
356 6
8707 9
2460 7
6956 10
2140 4
774 2
1700 6
8549 4
9843 9
4744 2
6661 4
1949 6
867 6
3577 7
9446 8
5516 5
7938 8
659 9
4586 8
7723 6
630 7
7376 9
1997 8
6969 10
1595 4
8669 4
9095 9
1094 4
9957 5
7093 7
569 4
2369 2
7368 9
7417 4
5170 7
7642 3
8604 5
4029 7
4487 3
678 10
9102 2
9128 7
52 10
9380 7
5890 10
3958 3
2166 4
1058 4
6733 4
2088 6
9336 3
7582 8
3365 8
1204 4
2388 5
1291 7
2927 9
6715 7
2841 10
3058 2
2565 8
6135 10
2353 2
2922 5
270 7
1214 3
4679 10
2396 8
7620 3
7616 9
6484 9
7298 3
8637 8
445 7
3595 10
2339 3
779 8
1519 8
2871 2
3500 7
6955 10
5578 3
7595 5
6935 3
5116 9
5690 2
1414 9
6259 2
7545 3
6494 3
6127 10
7706 4
7192 2
7797 4
7766 3
9666 7
6291 8
513 5
6203 7
2264 9
1821 7
4271 9
4387 10
6087 7
4892 8
4116 3
5939 4
839 2
8500 6
5230 7
9230 3
9158 5
1620 2
5473 7
4481 4
8544 6
7602 7
1607 8
1935 9
8890 6
7246 10
5559 8
4631 9
7627 4
6816 10
5305 8
6293 8
1389 6
6222 7
7397 7
4933 9
4162 10
941 10
1745 6
9134 10
3887 7
2989 10
7878 6
2851 10
4533 6
2473 9
6500 6
1466 5
5723 5
4264 3
6326 6
7310 7
234 5
1913 10
4204 2
5390 7
6012 10
8494 5
6498 4
5999 8
8898 3
6131 3
2730 5
8712 5
6590 6
814 4
8648 2
8786 4
4932 5
2131 3
6537 6
2646 9
8785 5
7695 10
3291 2
1965 10
7979 9
877 9
1153 10
7641 7
2958 6
7232 7
171 2
8556 6
257 3
8381 9
8270 4
1232 5
1102 7
8214 4
4747 10
5156 6
6702 2
1126 3
3959 4
9842 4
4449 7
1140 5
2674 10
654 8
2731 10
2366 8
1402 4
4209 10
8103 7
7004 10
8638 7
1871 5
365 10
4918 8
854 3
3569 6
4225 3
4275 7
7813 7
146 3
3999 10
8019 8
2463 8
4350 5
5658 3
4748 6
6343 2
9642 10
7258 2
3458 5
7464 3
8390 4
187 4
9389 6
8619 6
6543 10
743 5
9421 8
6395 8
7549 3
1959 8
9531 7
625 3
3646 2
9751 8
129 7
7086 10
8116 6
6983 4
428 7
957 6
6845 4
3526 3
4574 2
7422 8
5333 2
2664 4
1437 5
6230 5
1693 4
3760 8
4830 10
5054 4
9679 5
5673 10
5440 6
9977 10
7455 4
8536 4
8754 7
432 4
3765 2
8306 6
599 8
5867 10
3065 5
1645 9
8787 10
6475 4
3047 8
5667 10
9941 5
140 9
9739 4
8710 9
2904 6
2271 7
4472 6
5377 9
4709 6
4502 8
1018 3
4145 3
7142 2
6308 2
7807 4
5000 6
4597 5
1070 5
8920 5
6746 4
4034 9
7047 2
1378 5
568 6
6893 3
1804 10
1591 7
8868 6
1486 5
8906 5
5557 6
9333 6
9048 8
3926 8
8071 9
366 8
5030 6
1765 6
2406 4
8052 6
162 10
8292 2
5977 6
1634 3
733 8
5958 8
6515 9
5672 6
221 10
6402 7
3591 8
6665 8
6392 6
5980 3
2698 4
4569 9
7571 7
9953 3
7784 4
4507 10
4189 3
4971 3
2697 8
4681 8
8367 3
525 6
2352 8
1666 7
1790 10
5286 9
1788 3
2896 8
353 2
7650 10
7884 9
4281 3
6759 7
3031 2
6527 5
7588 2
2523 2
3336 3
2317 10
3744 6
9424 5
2289 10
1226 10
3391 9
2177 6
2421 8
3070 7
177 7
4230 5
7204 7
3963 6
4601 9
9728 3
4866 6
1890 4
3901 6
4635 2
4207 2
2453 2
1854 10
8794 6
9779 3
5731 7
2429 4
2174 3
1260 9
2910 8
6541 3
8933 2
2470 8
9927 6
98 7
4549 10
5733 6
3663 9
5918 2
5208 7
9915 7
4723 4
3362 5
9396 8
4976 7
1115 3
838 10
2584 5
9298 7
5416 5
7036 7
6859 6
348 7
3558 7
8442 10
296 8
4327 2
9261 10
5848 6
8974 9
4715 8
4878 8
8566 10
6503 7
4138 2
1198 5
8860 9
7559 5
6025 5
7109 3
3448 7
5025 2
4705 2
6150 5
4565 9
5873 9
5014 9
6945 5
8947 7
4616 7
5612 8
5167 7
5109 10
88 5
3032 9
6592 3
6411 3
2969 9
2543 8
6415 4
3407 7
3725 4
1446 4
6283 5
1728 8
6807 3
945 6
3307 5
9317 10
8783 5
8777 7
1794 4
5973 2
1434 8
3428 8
2442 4
5042 3
4986 7
759 6
8340 2
8532 8
9682 4
3144 2
5944 3
2325 8
2962 9
5121 3
2679 6
5957 10
8858 6
5913 9
4278 5
6680 2
1808 9
9166 9
2382 4
119 6
7329 3
5582 4
176 6
8518 2
612 3
858 9
7068 3
1621 5
2047 9
8755 6
4249 8
266 9
3264 6
580 4
8338 3
8094 8
4578 7
1276 6
807 5
5660 2
9278 8
6211 9
3254 3
4516 10
2933 3
5805 7
6082 10
5339 9
7165 10
4536 6
9541 8
8473 8
5398 10
9237 5
3231 3
4740 8
8819 6
4966 4
6237 6
8677 4
5128 3
5701 6
3102 5
977 10
7803 2
3631 9
3176 7
537 5
6682 2
6894 3
2367 5
8115 3
6236 8
3785 6
5597 9
2610 4
6720 7
386 10
9225 3
5204 4
9974 3
9147 10
6612 9
5251 2
5950 2
4015 5
5091 7
7253 4
7110 8
8667 6
150 7
7724 3
3967 9
8997 6
312 6
2189 10
318 10
4083 8
200 3
6530 8
7465 6
7283 3
9082 10
8155 6
9769 8
2127 9
3606 6
3552 4
8510 2
3733 7
9374 9
1537 3
9578 3
771 5
2 1
1 10000
669341172 1
591648102 391
127778802 7
127322340 6549
3829558 2807
77061981 3940
38426765 7905
33229998 5432
21538146 9514
85057386 2025
1000000000 100
999999987 13
999999908 92
999999916 84
999999900 100
999999948 52
999999906 94
999999910 90
999999915 85
999999917 83
999999934 66
999999926 74
999999905 95
999999946 54
999999991 9
999999923 77
999999984 16
999999940 60
999999964 36
999999988 12
999999944 56
999999955 45
999999965 35
999999963 37
999999990 10
999999938 62
999999973 27
999999979 21
999999919 81
999999972 28
999999974 26
999999996 4
999999978 22
999999956 44
999999986 14
999999975 25
999999902 98
999999941 59
999999960 40
999999922 78
999999950 50
999999953 47
999999958 42
999999994 6
999999971 29
999999976 24
999999962 38
999999977 23
999999931 69
999999943 57
999999937 63
999999932 68
999999985 15
999999913 87
999999983 17
999999952 48
999999949 51
999999969 31
999999967 33
999999929 71
999999928 72
999999989 11
999999930 70
999999942 58
999999997 3
999999933 67
999999945 55
999999914 86
999999927 73
999999935 65
999999939 61
999999981 19
999999921 79
999999912 88
999999899 101
999999911 89
999999980 20
999999966 34
999999909 91
999999901 99
999999957 43
999999998 2
999999959 41
999999961 39
999999907 93
999999947 53
999999970 30
999999992 8
999999918 82
999999936 64
999999951 49
999999982 18
999999968 32
999999954 46
999999924 76
999999920 80
999999995 5
999999925 75
999999993 7
999999904 96
999999903 97
381290526 1
3857573 3145
926636794 100
919694829 9732
306673966 8443
179204010 1287
301758162 309
644218054 5522
841186235 4104
748346431 2123
642088914 9353
854452294 2450
915679694 2539
431963340 2411
898152300 1371
233778648 3973
859937701 1029
218247467 7068
30510309 7400
22189083 6033
826313429 320
151042224 8010
655741257 3514
418161400 9954
294816357 8208
827332552 8711
637825723 7028
599587051 6759
484035994 2464
543155082 8894
882843504 2919
552533185 8618
591796886 9404
815923053 5436
128777664 3385
167666076 9883
661568460 6794
290626535 3240
39651690 8204
812203509 9598
521247633 8932
491308500 4725
636413928 4302
426596287 8814
512852942 6732
154789001 4316
796367489 9600
29025807 6997
847734002 6172
163226704 3614
230826859 9314
918867007 4520
313038987 6974
381546303 7311
312034151 5978
791550456 8559
780670677 7238
414687903 7319
114436754 6824
316848919 5182
882356324 9530
489179012 3356
639740760 8751
781251556 4847
684645265 883
717053512 5737
7542161 7159
672508147 7229
521673612 2878
16627968 3318
408384937 2512
574818825 132
208142837 4868
360592984 8930
532379656 7188
555689154 533
632376717 2427
901524848 8155
255819651 5211
538798556 6323
658669247 4702
607115359 8654
255351655 4908
467928394 1337
489299678 4823
858959375 8180
910482357 4997
534872167 6370
309515091 4469
700430717 1644
400668640 9273
96519785 9232
376557258 2889
380061365 185
391361601 9179
155680327 1878
603986777 2582
288887902 5356
158312148 5385
243795851 7678
655617983 3716
733911150 9
435214500 9948
991867986 11
775804048 4496
755140899 2382
770874951 580
323362653 833
419457931 107
47088258 8140
936622002 2638
819101226 9585
791464442 5565
223726299 8210
504187654 3516
918318899 1
825572441 4965
510174187 2
337408301 9766
175570159 8765
611032068 3
370773520 7543
109969802 8202
54359953 718
992047453 16
302526005 3484
91283875 8419
9255663 5740
751227674 1624
883580630 606
376883499 6433
67712572 938
452429992 8279
821097083 1627
20461171 9382
143561548 4483
96729757 6640
66998378 200
882505837 4855
284521313 782
902273955 9839
3870218 17
3119745 9283
2533994 7751
725268 9168
2010844 3930
2674802 2780
2534546 4331
3106654 9194
111909 2469
566181 2253
2075236 5111
1461207 1223
1287570 6322
3844442 2230
2765640 1907
892636 617
256390 3407
1983269 8099
407068829 13
265594777 1231
264278765 703
146025613 8354
291805232 7761
277769847 7397
103871721 8141
52205611 4664
263131210 8194
199225303 5833
317699721 7565
405104028 3250
285312032 4543
394289170 1190
763012494 36
176147524 6299
424280493 3203
163593003 7341
58094556 9473
4290725 3942
363336898 6529
676898892 7775
409240140 4321
273305397 6971
604543641 8054
128820520 1909
12720280 6209
269942155 3660
637458196 9264
313466213 4552
226746141 7030
673890743 9593
442446455 3052
79443492 5282
735344141 5284
178218707 4477
186763854 5767
705785255 3798
734626313 2238
40508381 7988
94221339 5032
755367415 6165
524442849 8455
373759861 7260
183981739 6719
648859650 217
601084777 5632
74644627 3989
664033542 4509
375228757 4832
503984490 7929
802940472 100
39274650 7008
157611316 7984
115980081 2646
244394379 7647
596058054 14
617276514 1983
797984457 2842
257023811 9344
741967624 8849
715174649 8324
720175192 4771
87672970 3429
193314771 9597
349755131 5754
697184567 1130
582044516 7235
661155410 6348
284622602 9726
13810951 4982
731136066 623
656117368 2740
666333205 1020
648190882 7925
802273579 2080
627287353 8971
66492489 4187
10974120 1832
352260691 6044
20091229 7432
207002863 1866
450275619 3062
598308452 3311
219486718 1962
141849853 7678
156657233 7664
654667008 3330
101623188 4224
244033906 5537
94651757 9871
90757478 1799
399460732 1866
553220352 9486
287669847 1675
481626573 2151
680954775 9362
62354909 3557
155288841 2516
230144809 9938
515120967 2786
521688797 5253
150050769 4691
715899836 4950
783509246 908
403895722 6646
549524900 9224
532557292 5161
427708374 7548
72927639 5246
546189606 7114
23882204 2082
192001790 1979
695999717 514
627480879 4172
181279492 9683
257457377 3837
419997991 8629
39241159 6114
781276834 3328
147934259 9317
698627423 1261
14972935 4093
687559946 3642
733069954 6648
451609356 9256
214140494 288
798525748 1159
181152123 8630
173849585 8666
211028782 9517
682242989 184
185727518 9916
659980605 4657
51646857 9854
281814842 5164
659499880 6178
507699895 5220
497910449 9005
38068288 4612
315993353 9778
549037381 773
546826489 8444
536338168 25
47727169 6619
206551410 5239
458842401 5397
62257083 926
541086890 9520
305834596 4057
535583091 7466
801853758 917
405911166 47
84755798 3102
305849586 1100
82120924 2394
274367331 8207
42940579 1512
167661675 284
267002949 8129
65493566 4153
41264947 8140
336554376 7147
335080828 1267
231156891 6821
252255057 2915
357065313 6240
162314961 790
49255439 2924
96558426 1501
20414081 4763
318744428 702
97559493 9538
185767578 7307
175262553 5362
5145155 100
382180173 4052
145801017 5250
57262144 1090
225677107 5943
53186269 32
241535311 1600
401777909 4198
377965975 4381
210272770 1120
115224602 8235
177048467 8633
397312218 6547
363578604 4465
163960689 8279
44291399 2868
15119926 1033
294172168 2289
94207937 2626
346165625 1238
146869954 8783
214235777 1048
12844519 8948
224601870 9267
116540315 4395
69978836 4
10785548 3442
49783635 1542
66298321 5311
43791207 599
547745877 1000
499524979 1539
511705266 6344
222085787 4255
444556014 8773
439979782 7194
208056688 9217
465940909 7801
325836549 9323
361145199 5763
69405440 767
530200640 6217
182897348 3686
241744806 3878
96107860 1064
247285442 916
93701891 2804
473662540 3530
84762899 1117
492160753 2091
532913815 8192
478389098 2196
410209594 2568
278638121 6343
165973138 1844
386617827 7716
229065627 7272
322832946 4516
429576914 8514
22534941 8809
395285945 4222
102683088 6714
71653111 5283
62933692 3132
435815184 3918
308292555 1309
243018129 6340
120262244 5851
512438683 9265
428347657 5981
118911530 6015
370934941 8273
109872201 5433
475311691 2062
383485853 1425
213159689 549
74148028 2665
437770924 429
166214320 9571
277653394 3424
361967821 6597
56431412 3533
78946389 4412
170468532 646
243467893 1843
271601132 1344
46678509 82
493618946 7552
299392421 474
110434669 2590
375772494 6666
324266352 4066
311292006 8623
227462905 5927
83449008 2860
527337801 9950
302927207 6051
91008044 705
527336694 4994
251471236 2871
491430837 8728
387314046 1566
367970646 1697
385318903 1103
276587470 4381
491205860 9285
530670670 8956
347383840 3395
251282340 5187
454085387 6686
299672530 8383
180369610 2253
10347223 2940
301307853 2483
253291688 1025
71700668 726
50523797 2938
254048150 7972
126768719 8227
235274462 7851
53340224 7410
173144094 6358
179201049 2940
471030888 4833
502663986 5648
216563698 4289
532639509 7924
191125167 4525
8003174 5063
271294224 3367
323578286 6915
17501567 776
346229328 328
181898450 5891
86851315 877
402429111 3654
454173262 9992
270510143 4969
154299494 2052
390450800 7318
373409746 5555
312877212 2551
398813154 256
237453780 8689
399801492 5855
186899052 736
43006181 135
160301542 3261
235203291 5594
84368354 9140
377010518 6576
159404460 7632
63538841 795
121939043 6097
98908177 9827
17332880 1050
390257303 3191
369044266 36
245399299 2761
324893478 2061
46122413 2172
344981631 6229
108130228 7780
36683900 5208
342611679 8627
515887631 8158
136250673 8359
122954883 3978
532294460 4578
354009891 6846
151503047 5235
310140829 7883
71055451 7648
8010422 6972
496028341 5555
105093181 4334
253867873 8821
452568277 7139
308579180 3326
309166675 3794
130615815 2786
473412626 6372
174111807 2612
121669140 5497
531420874 5926
14106796 7801
3286692 4002
141303525 4234
143030207 7939
20882925 6218
142580060 8626
496023991 1954
21722038 4016
279375920 7376
483287934 9456
506200630 9055
7672565 4453
319743450 1563
526561321 4011
445172055 1943
314784562 8013
23376147 2807
451414249 7352
350377894 287
264154734 7696
369332559 2514
300041184 1260
470720250 6884
144890147 9055
462283406 718
335110643 1178
318248748 9312
542318599 2536
287497354 467
511259899 1404
133784757 4212
329250893 898
244729960 9970
102923655 3100
425559805 1913
472167263 7680
25565583 4669
521884181 2238
152305514 1188
297521450 4430
118668010 2128
23818642 6849
39762138 5398
307446996 6863
394756685 805
225564807 3345
432687265 6930
236585810 325
165252084 5355
159255556 1286
23364613 5575
346111267 4820
307271203 4596
125462066 7479
388835706 7344
546485211 4819
401864471 649
459247666 1744
256844259 6972
240562651 2814
204221 9142
54919831 6112
147016142 5168
404380276 9813
173986257 9315
99020584 7625
383275791 9989
20221940 4278
23599464 9716
18290805 9520
321102023 7256
183557138 8856
392453640 7305
223738227 4905
412834107 8050
173521317 1933
189112717 2906
490307942 3080
6608597 6473
539882951 9027
154442766 2467
315551110 86
190897180 8050
166932003 1200
57387465 321
401355871 1148
386297692 6126
170937517 6227
368156397 9875
224282219 6207
269488300 3066
518199600 5757
312262427 2123
160990954 8657
263590512 3423
518997183 4300
28192335 8092
531688327 6359
104117532 3442
144649861 3835
78146015 3505
302157707 1157
348441201 8630
456908654 4312
288526401 2968
484660402 4221
370695195 6209
131394876 5958
421816113 5478
348009687 3642
35737455 5285
396936348 8266
405438966 2658
467277998 3482
484701069 2103
158923276 6286
496932679 4874
237825921 1403
531092547 3538
17221247 2252
77540698 9342
334279129 2853
108020056 6649
321587399 1208
322216197 8566
281175686 1324
388123723 6990
180422237 6890
122077653 2446
74366101 7059
14808078 3952
337396607 2065
450793209 5762
528767419 8034
413788158 2267
486826630 4866
153926796 9799
141083507 7230
21466846 3597
187421503 3367
348200879 1896
207741992 4031
373994129 3977
382751142 8310
93577301 2285
206139448 7812
66488458 9938
498446775 3104
85628776 9424
261969945 9622
99545031 7522
183058434 4528
81255500 9869
302605669 3370
256546743 1807
159983204 1380
162945413 9418
52506896 5756
158009082 1534
416987502 7395
175383102 5788
229263695 8996
50539762 9979
465377748 1004
525946184 8834
505987734 7779
219050657 6162
386473541 1994
156920899 5907
219138358 8609
371683735 7263
194528981 1500
318519146 7838
34904321 8262
71893372 410
71780579 4952
380293800 6483
357369011 7650
12792398 8037
133960794 4611
192931599 8505
347155614 652
115578908 4488
532399943 7577
535425582 6241
370187390 2371
65629473 9158
283035453 8947
223215654 7377
358531251 9013
335381575 5308
433843686 7645
170776386 8978
2205901 9085
370762536 6675
457555432 158
144762584 1602
433175116 7759
280118013 693
365521517 4616
194213491 7831
271696319 7227
282362049 3160
216034033 9081
169558728 5781
135034107 8084
456147949 8624
242271573 2574
63928401 1626
209836201 5333
421413576 784
39250325 9343
123113018 998
342660654 6179
98326781 9257
328308033 27
307924859 6579
298853588 667
329773088 3057
501523627 2786
398311032 7677
369133795 9682
501750436 5215
277453274 8420
62830978 5624
257238577 742
118514612 8253
453539421 8698
130411672 6714
531741874 2408
266191833 5068
440882335 1105
29362902 8322
525119136 9764
135730574 1529
191778963 3518
365955984 5701
275394048 6819
33098077 5076
166829244 3421
268106227 2761
105509684 2998
335801022 9377
295806731 7447
399768998 9757
203048285 3164
31875065 1064
225336222 8061
530149615 4185
28091082 6362
22040910 5071
494839890 3161
454754096 6709
16980728 4215
30514912 4527
219675833 8734
470698887 8903
255190693 1389
4305890 4645
506641461 1741
17503521 1579
499287494 6438
119264311 9357
2309532 8977
364384108 2623
202743155 9106
278010334 6486
459008930 9365
252696323 1655
517247531 5670
360625529 3150
359506740 7294
179733255 2343
386736005 6080
333135378 3529
323408263 9091
287485918 6467
149017848 5484
429203159 4932
173839341 7867
127032584 7316
541179261 8307
100376191 181
244071765 3392
524631281 6709
182773730 3592
323391205 6207
208698285 6320
380431281 7699
111111785 9099
526345073 8911
487474658 1545
508316753 2883
57667086 6083
223106702 9861
458074522 1346
23818738 1251
81522842 1398
307759185 4891
221226245 5297
151739101 3211
263611504 9905
170453978 1655
220247885 7139
490497559 2528
114149006 760
250915041 8571
310523063 9521
211708521 8674
176332139 9133
341255058 6666
42939946 3292
483195852 2624
331933673 7699
91508052 9209
344479903 6278
30518576 6478
95417351 5567
43627746 7454
517100187 520
149266583 8006
375060330 5453
383664288 2345
369296247 5106
4072380 3082
379059208 5220
42123139 7949
216522459 3578
543646704 6291
356932448 711
151377717 6892
391959063 4286
178981682 2187
79103992 662
327731919 5403
318844964 7883
391607530 6949
305957154 3874
477791445 2301
528199783 2259
418056702 7816
69567014 9447
128746133 8242
538021689 2038
227477284 1026
521444057 5503
489623772 7750
482310186 3436
513393476 951
151182199 9042
508881824 7138
215849912 8541
403931186 1084
435190852 3314
102641835 5428
440329688 6556
331841899 3234
453476742 9742
43095076 6171
463893197 3231
264490823 5262
40290932 6520
407492173 956
212719874 2863
360369491 810
452156755 3949
468629281 5525
229956542 2935
510849486 9493
283498944 2690
265107750 7843
103505875 7057
516690611 9580
151706758 5883
92091957 4323
60523158 5437
167359637 2939
323718448 4582
112049435 6097
445999057 9320
272847913 1824
390956365 9704
4466538 2523
309580486 2004
63994827 1975
534978295 7420
66476019 3518
143183121 4503
164732540 8809
541230027 3900
294831728 3921
230911858 6698
52696774 3439
245663500 118
200089392 8648
122914694 378
268286234 9664
182844880 9346
124777650 4248
69435157 8129
134770671 3306
471419041 2433
42410070 1396
184688015 1027
301299798 58
62581133 9384
513654906 988
38415481 4235
151305865 6631
93290637 7008
176552608 8814
409807750 4663
151218109 527
300939166 984
237351857 118
130926466 2395
364451296 2681
89140406 8481
206150721 2201
463736082 5483
38948662 8714
446321682 6726
293181487 8422
531978665 3408
544662119 3831
262339930 2536
353717763 4874
466595545 8602
392276398 1231
222071195 843
172142857 3967
367621124 6987
301435309 3142
435721637 5150
189173425 6012
307459014 4545
393622724 7289
199740491 9418
115457505 910
394750368 1948
12541406 9878
333613676 4059
535488265 127
473517206 1454
299498363 931
227205501 375
242703404 9974
238530064 2443
78435856 5970
27771973 6393
335261771 5667
542390467 6610
188961530 6160
91577350 5505
507909791 7913
133837038 1890
12599746 1929
423502781 1727
117103369 8617
68347395 9096
226863326 2203
202444542 8678
86536203 1830
128842587 8980
260225415 970
398347007 3312
135927078 8876
418139519 9396
492872539 6923
541401625 4770
335508000 8035
174078051 9396
135322698 1423
502208379 9656
119455637 3979
178975236 319
283462622 5926
58122427 5916
138000087 7082
268181031 8658
241764618 2467
480990670 5686
72168960 6528
501710687 8843
191242784 7667
450125606 3724
131109728 146
165430851 2682
304845291 2846
337319683 4107
288898655 4739
88124210 1246
399062045 7386
180838075 8194
100324728 6869
386731555 8317
94249821 7933
57548420 553
299325660 3823
392222265 3039
168447035 9093
190014638 8730
307918075 8429
248169335 4554
266519004 8619
458030220 5265
3288147 8272
364762601 5441
38267962 6068
148604054 573
377696590 2938
413924452 251
247231888 6004
503544328 8705
357730226 6509
103038665 4564
401989141 375
57504811 6011
325123394 3609
389327212 9894
293554971 8342
96606781 9694
15574967 317
482218249 4373
375579892 9209
332822594 2739
50992589 2689
159697833 1395
16839322 498
21778623 5462
348707942 7928
395001646 8277
173927127 3497
388307557 7746
302814937 2287
178643877 1884
375638150 4030
516425406 3525
410648671 9155
138819373 1176
261273780 8324
37428724 7944
4659830 6234
337731583 4046
21019604 2123
9148975 8772
529177870 6184
40837580 6864
284470703 2431
193835285 7733
217821713 7776
398519834 3011
436097726 5940
328188602 8039
290342980 2632
211016195 4082
331087570 8255
181528048 3381
254706402 922
314871076 6126
167504683 3966
144500616 7841
295224724 8458
138935138 4330
481123174 4066
198528940 1916
15484625 7678
343907129 4031
404006889 8381
545405805 4754
261566220 6303
71635578 2492
24183459 6371
89623977 7565
244758455 9955
452626228 7971
86371897 5942
176577942 9131
162353031 1638
59184075 8675
21366730 4658
464473501 2919
184275092 7445
356407982 1663
468990807 9203
519781412 2441
101512057 9126
198780034 6629
331782142 5777
26238284 4734
264692684 6056
275562343 1586
176970540 3983
356152925 9882
461246640 1562
455870522 1900
430748670 6975
494133977 4890
448633523 4274
266146442 1097
500977308 230
169376509 3107
175861807 6665
251835490 5668
143858164 2907
239178382 2747
546250589 4010
77220220 7302
30088397 6457
410367463 7433
182345094 6826
493337553 2509
263977589 1645
186685630 2619
158481944 1698
543246932 9350
471474081 8274
192642011 3747
164854758 6547
299137125 7442
252884493 2068
477667878 8367
233572537 1208
86411225 545
170262004 9087
539645167 6769
81783838 8033
337867293 1497
46606036 214
349523582 3921
200860575 9339
472756456 2152
528699597 842
313886364 9428
489970474 8825
43553366 4340
310041377 2421
359778256 3262
118779588 1954
210448020 125
122202246 4193
529991326 5312
285798936 5739
361170127 9827
318945049 1519
531373562 3942
317462087 9831
520535499 7716
117006835 5927
428079235 5533
406128600 2850
145168885 4924
60938167 3437
526508734 4719
392348085 5960
22513077 2568
342622026 8252
358272384 19
360325103 4299
129925783 2034
348755313 5678
339261530 7290
428537106 8733
233620871 5495
97859925 2330
224104893 495
372407056 6765
123264484 983
149234823 4851
460198697 46
404787409 3335
188752108 2916
305434351 7886
161162866 222
182418321 5180
97489362 7700
66139600 7265
291290353 7291
304083556 8110
58011657 8583
144950707 5649
217325598 1794
434328096 9750
36071504 1226
234473368 2325
42746712 5271
322950234 1953
475796595 7295
148987317 9490
265181108 9324
368457959 8133
295128687 2556
77155455 6761
3347536 2377
69996125 1490
298816493 4885
48887040 6331
382504284 1560
173073497 1640
104269232 5754
149451151 5935
254969289 2412
371816137 6326
539408776 6578
83098267 1849
144543192 2695
221374839 9611
205348780 7211
248590772 1897
407690014 4511
516396597 8346
136770694 6076
214746493 1751
386708632 4962
250970114 4831
7174454 6337
110041045 8649
240230867 646
515114214 1283
459354063 1449
169947121 2059
215699360 2689
545412782 2495
76501751 7379
432630028 9531
17437166 5672
242713357 2664
391813395 8231
103905331 7441
29401627 823
114446436 91
146207944 1385
483427144 6750
535149848 7034
401701421 7965
93775248 5266
317282965 981
54636575 6449
289398554 5109
5790656 6625
312535509 7097
416379499 3152
63535230 9509
209007658 4457
428981681 7043
75067706 4114
450209397 757
19153207 9184
276784181 7718
324050070 1289
449654374 7042
94608012 3057
167475970 3266
99845477 4385
506503605 9288
393183358 4847
397081621 6875
189135255 3495
352597915 8926
128966848 7047
427797900 8529
288530230 1572
149222097 1745
476236524 7194
194693224 1990
357745220 5697
349813782 6751
43115190 6551
82028749 6011
264114204 3078
449300845 2720
423149343 2659
519242377 916
268503053 6807
161265329 1644
180398323 6084
170920144 7338
188849752 8619
267106664 2599
481710010 2180
250415051 9904
294374576 9061
146715200 1149
417916725 601
506696561 5937
464788428 2372
503991688 8912
71151784 3380
367749998 4702
143057873 6184
115480592 9278
263008747 8011
531187684 9966
68360005 2067
66017932 2227
99650066 9097
125315229 8670
145684811 1482
15956652 9841
106570555 5454
145222167 4775
515649954 2634
369970598 2384
208865111 1944
122318685 3944
203263667 5038
468674859 9251
458784099 8652
219349080 4192
208490885 253
209825780 8068
13741361 11
263832783 3692
290823703 2572
315072118 6671
278086642 5686
316401133 3302
446236462 706
28715512 2424
524688159 4028
505690501 9110
539362608 6031
111125818 4156
450925783 5826
229917170 4961
132424441 626
450476515 3372
144996703 4181
136493249 6425
304741973 5327
429021935 2272
522754906 3764
215715332 8426
90810907 9932
200462124 515
199786780 2215
110956956 5991
71051340 3981
446581029 1883
399591445 2835
186307292 834
85657426 5849
202163463 4210
233618864 9820
415263994 9755
199224 9961
448550318 43
242082605 2842
93152746 3714
419450734 2682
153618187 8199
423834716 5483
375469697 7950
434351855 5890
433993979 5324
427874305 301
199203297 8948
401976391 2471
387842444 5768
345357161 5101
443774688 2164
331619817 7358
421713099 2511
139330959 6150
59893488 9340
119203965 3256
176127549 5097
193211255 1207
281803304 3699
37980242 2997
349838008 3498
273668469 1685
239804201 444
15766096 2171
359255918 9339
93296993 4093
372397078 8273
337326401 6967
13665510 7044
421708412 1619
352446381 3287
253185711 4944
50785333 7890
167674682 6923
32558090 1807
139229785 4632
440288965 5800
207364522 6020
287068525 9822
107265778 1129
124500117 12
76598370 6991
9568203 8719
3188184 15
35663137 7611
106067333 8483
30249038 5342
75806760 7472
31468793 488
6147632 1899
108448957 5870
116069638 3025
14456924 5146
505542963 7
30676638 2390
191614891 2510
502020147 3949
427547703 8373
135453742 6683
24087180 1454
501892751 8270
804972104 1000
278661179 1682
744775099 393
579659999 7242
253364423 9032
176097802 7815
647717535 8837
713967618 8901
766120253 1934
713726927 8756
597095457 1515
336410043 8659
459189728 5106
16939577 9824
61013906 1756
60216325 1380
60081002 9173
255861862 1112
49097133 5182
215132281 3154
13340525 672
444110020 3182
18410007 361
386470046 8846
401633358 3669
236217065 4434
123857461 9146
394929509 5938
788838690 3339
149451174 1674
55173388 5054
323160833 8681
717408011 5620
323248729 2425
649217384 5116
103417512 6719
518986353 1774
554349914 4988
288380786 6362
722855411 28
292196358 2206
505508522 8763
213443174 6193
88054164 8015
170055613 7627
797600762 7347
659000597 2260
105364945 2461
732611851 5573
753028330 9429
600095594 4756
593149836 958
265047838 4499
123776942 465
736838003 3127
488970235 8026
217855834 7801
708847269 2051
346812882 385
202609904 4633
206367195 2512
206247534 3731
261263866 8055
719939355 469
312928789 1175
450132205 182
54978024 1244
669028110 1514
30014633 4848
167122138 9219
147085210 5127
517969956 4204
349795570 4389
69250160 9337
495392559 1627
618901885 8171
794181537 8787
586072635 9960
136586054 2106
522542270 1958
771574785 1942
675270395 7667
628753634 9403
355897486 1108
214038155 3706
65747090 2091
549292799 5176
245666268 4734
619462046 7975
44069627 7358
786885435 4059
31603414 7007
508698015 6735
296155683 4769
348446169 5770
339437419 1682
193633265 816
265120688 990
363784505 9512
421125913 192
570587947 9154
406578103 2072
150500734 5770
704447195 9335
600265308 8409
537548781 8006
48718018 8710
28262193 8748
261686984 1378
707940684 4370
327722895 2121
533263272 683
390103469 2206
625166189 785
593727892 5085
364615579 1968
66727489 8583
648838456 2381
570157176 2775
64147835 1653
680407345 8185
55350186 1919
245001196 4727
128776105 506
435895983 9944
87061839 8368
748924136 9049
597553790 5394
280533146 6426
297927778 1397
172154098 7953
736132750 4559
275384690 2867
336627484 8649
406403720 267
550255701 763
71144011 8707
387622193 4893
792881749 9134
423369581 3307
572961930 2036
51744151 4219
528522559 8926
611081691 8725
236067835 86
393020307 1955
613584647 5190
328742088 5845
121951893 9592
764131202 1599
482273637 4735
477765591 1708
688574481 6068
116521138 2778
131737493 7199
573095887 8398
665772779 1124
379406238 1954
232572063 6386
163388545 7028
599421790 5030
88847484 6558
539954344 7167
328179279 9490
624379229 6931
721188304 7289
300496595 178
706731379 3014
157200706 5385
300307685 6421
279275447 1201
766304080 1870
703746049 4799
661611230 6794
310764905 7155
182016507 1892
214476498 3115
45808717 8450
428118585 9026
104363930 7005
58880659 1969
749023050 8012
431815505 6807
166149605 577
640707830 2616
491046448 8583
479128774 6075
326139617 479
422974327 2816
563093278 4421
350625070 3084
91923376 4477
551020749 3083
97645034 3194
108225726 3075
711918260 2043
375705297 555
597451665 6785
479200727 1453
331070618 8954
800800679 5394
420898854 2977
64044617 7238
642267711 472
430301486 820
287272017 8467
236991467 1187
733737734 3755
787100472 6888
711869703 317
414316601 2910
94747474 3998
288679609 5501
198184340 6274
293526179 6186
465206958 3646
802842357 8320
769281485 2627
484057694 6372
664637658 997
246477723 7195
712391086 2648
347210301 4898
618405005 1676
502111929 2573
33742559 9820
35209408 6819
507040494 3050
37011464 6761
640229597 7040
329490819 5382
306942173 5890
789822042 4961
246750866 4165
282954476 8002
33822904 9942
526713872 2615
592148249 3772
250500051 3614
657209433 5421
331353290 746
106158700 212
501049610 3297
334447176 6197
151007575 902
96984511 4153
166384731 4432
352254891 4894
478624926 310
160506172 6395
506466308 5751
714476344 9568
665400157 2514
197187307 1545
494716765 840
223770933 5293
230165715 9990
550864240 7952
458289553 4606
640068841 3405
605374545 5177
178092589 242
602065231 1373
264135897 2344
212918682 7613
248628803 7176
739463684 5849
452137085 5566
117615256 1948
703485514 2427
259522707 4598
355067521 2649
622316355 9398
639741254 2105
162178953 7032
406607332 8294
314722092 1477
693222240 5386
601699049 8741
201308098 2836
103320945 7353
519030746 1522
392589182 6174
546833435 4302
317493094 9902
498186487 2431
468373468 6823
203510853 1058
804752769 4231
547883541 1580
338992351 8553
656766970 8768
326310209 5839
134554766 8391
787387199 4155
291964470 341
80447046 2451
528259185 7111
328987945 1689
6533763 7088
224409731 7903
384970653 2520
410475800 5739
498961676 775
443267441 5203
720853578 925
195812321 3057
71408501 9863
194574518 9279
184427280 4895
289707025 928
393209241 4094
679712433 8531
653537228 90
309115475 8244
769200423 3846
17070318 3157
219437133 5295
603228680 9062
340119053 3527
30228442 5723
214554924 6978
415909148 4023
712285233 7439
744428700 3654
527165378 5470
379445174 4343
479073552 981
78782119 1898
362150748 5661
46576732 9175
314321803 5069
88517878 4112
611861624 1420
524703911 2473
119081159 6841
687015684 1151
617611832 5952
266622058 7960
479990514 9448
562433332 8025
508087562 8494
104078700 6740
182846199 5733
718363364 4945
329446477 9273
29779561 4344
416448564 7476
748461920 5181
231373971 935
536150634 7970
759054797 1135
10617884 3377
237759546 155
119475939 3254
502134073 142
407316468 9458
730011734 1515
522557593 8113
497683361 4128
359994990 9352
131099805 7258
207848130 1915
448653276 1933
636607272 6965
255236931 2668
149870662 6516
252376058 4896
356487951 5834
771990440 3158
69747596 7150
288803803 2168
748321907 7917
411133328 9998
311047530 8603
234798018 2350
57539822 4359
353389741 7864
175333098 965
495727037 7830
91529637 7494
778180260 8636
279899311 7833
801981439 6666
693179656 7904
800326360 4376
350532787 5051
637767810 3918
721597357 3231
61065370 326
245679130 5634
156020056 5933
80102687 3554
648048545 9751
372072355 3917
622848708 2884
246638129 9531
228795152 1534
19325452 5742
544144437 7339
707301848 559
577636375 4228
157624290 4522
722743601 6175
57100003 6204
328444941 8880
633763627 5149
761612760 5114
566792389 914
746784816 495
65181541 2374
356680963 6045
497345376 7931
645918244 7781
54196881 5261
280876840 3388
163296813 1118
12095876 2785
499694622 4069
648103001 8316
682922577 6399
376461936 5448
53642252 4534
190717660 961
427444489 4250
378214904 1344
391169904 5844
275820527 4154
752140755 4124
478684639 5465
613221555 744
597056036 7298
728560497 6542
4115936 536
438510451 4664
754315211 8130
492833372 4562
759900286 672
759154742 9698
417814704 6100
246013328 6473
156790931 8564
683670644 5125
602689179 4992
406821634 9726
604287412 5504
170114192 1731
428037659 1690
410947427 3215
60798204 6819
679304970 492
766889619 6456
719302053 3143
202178752 9514
94586043 7026
450846007 7193
150199248 8942
92084979 2577
389027430 6762
691095257 2316
77323426 8033
709928325 408
406780752 765
514057463 1588
627939285 630
38287016 2630
84090087 9546
478885409 9633
562606844 5776
439413799 1970
281280258 5153
749305013 8832
522658308 6352
72783275 7911
755509822 8019
39672645 1115
442448779 5390
43538242 8210
197652145 5215
74407414 1699
763857713 4345
281463023 770
141297976 6077
557829178 4597
48403522 975
339130246 7199
109427501 5559
417780809 1141
487226615 3164
566741499 3258
425584581 9820
195996350 6424
160586263 4936
90045093 2726
270293016 2054
8988334 8463
160989874 1604
357497610 7446
150869592 198
538450738 8514
269011895 4245
222432941 8902
651373398 9543
104896211 7140
388510813 5018
702560549 992
193579551 2404
28124364 8136
68153726 4790
720846470 6687
219506950 2746
740212011 8713
486733132 328
691041161 485
700620942 1667
72332342 5331
467116276 4132
290339643 3902
427218632 9614
782416583 7422
65108279 8924
502663173 7672
276411516 3277
744406109 7278
534609311 6216
702458079 5726
143130085 6420
615211003 826
799351141 9658
206245718 8476
135284040 9764
446887603 8537
321592977 9748
386088555 8578
14059389 8837
788579503 9745
264262394 6547
402790713 9917
363219611 4054
653589904 6648
744000750 3945
214939968 3397
747983371 8344
794775393 1793
217627089 2930
615022409 4874
378189325 8641
722917 3770
703435486 3382
253353318 8996
625364666 1998
687564656 2859
356712817 6549
267660885 8575
681120482 5560
70530030 482
181984654 8412
123552724 2617
696615120 6934
63042496 9681
190098328 1162
779109497 1089
43859625 5704
346883909 2733
99338923 4583
9055981 6112
219679606 5370
295014775 3771
423824448 3657
785096887 2287
455888489 9361
379421833 3889
226039451 9120
129007436 703
632898980 7731
282990244 8989
296312526 3621
266550247 4455
328216519 2041
749297627 8334
480290837 3163
796634410 4451
699200840 5354
307779217 4006
400955242 7572
520199686 3176
250683658 881
281628715 7783
302264077 1275
19480415 7675
516638732 245
344621656 7312
580521504 7525
109990372 9791
524499061 6738
282989249 2687
355023861 5449
720289200 9274
75613886 7372
606860793 684
652670066 6856
552324271 2891
107124761 9476
591735894 3781
305381883 5791
644050936 6878
352386171 8478
223792811 844
412307836 4786
82411414 9940
477290526 8882
572634896 6729
561799183 703
16671456 4610
109532333 6007
72346882 3255
659288167 7896
488836172 9819
588868437 4254
608144391 4378
516977437 1928
328288043 7605
726424498 2151
720169033 6805
295021173 3262
235517413 1074
767931984 6196
57909794 6151
460541300 3761
207620625 9343
799753117 2927
758372590 7483
230440916 857
195849825 2293
507237509 4471
292884640 6710
578941419 6710
764729138 1437
581679223 5097
153989487 6541
149635339 500
774778031 842
254014312 7957
374239604 3377
693264992 1078
380811434 3748
362483748 2096
208288032 8582
31990889 1721
431062050 8147
369442379 407
462462614 2960
368396701 1313
39482060 9337
130739738 7540
426724884 2440
82893889 5784
396798911 2418
191625386 5903
93499414 2770
802118985 494
242519843 7379
635805982 9582
243191593 2668
110512141 9314
244152284 4563
282857429 1628
425305355 4755
143585437 2655
399875131 2865
121307679 7791
670220638 3348
51525608 1774
732584582 4751
414101968 5164
395141561 3786
226234770 9369
329418381 859
475328348 3040
686426062 8249
371893036 3633
17370744 7678
651698465 8028
270503074 3780
504199557 6583
197488245 3895
110528416 7666
156120252 8851
701324575 3374
275844362 7438
261373418 9760
402587952 939
471381170 4045
592130041 5468
721615867 6563
120602733 8690
563503203 6995
115021272 4956
602175126 7998
7812053 8517
695261829 7789
53838220 3366
461461409 1064
762393298 1301
12348543 1355
686935523 4743
614469690 5333
302152234 9532
91767694 1073
338572297 3927
468140235 880
371234149 4809
347271492 3220
547722955 1597
357227180 5605
579895404 4322
662631213 536
137285178 8768
125858431 8768
532579606 6820
305318584 8896
431640060 4885
359497177 431
753695185 4440
769592155 7937
677243166 8672
211747952 3052
192443877 488
137741395 7081
159807770 2043
56450387 1806
279415693 4313
700694840 2945
597121158 7004
336787100 295
405783472 3631
300435056 7142
121385031 9772
259408549 5569
116221685 3880
498908738 9964
592283807 6268
111015969 4018
177595640 8231
25864676 5966
228080709 6212
381661261 4635
643449482 9811
400343832 6123
505423738 9231
354727578 8355
444785645 7796
704439702 895
413884297 5285
572521867 6808
777025757 385
67902562 7061
424050045 9334
770650272 3700
421061549 3776
16169335 2542
798893226 4352
792422572 1046
202399919 6481
504154797 9604
98466273 9339
345696829 9560
239330309 8629
166235102 7676
478301093 948
100270604 6262
631991900 562
644354198 1639
403757468 5013
494903018 70
60636337 3889
662882434 576
594611477 2522
601176222 3018
745756860 5617
249770850 2805
600231997 1543
556376668 1935
584512607 7285
41379654 6225
200808914 4688
374053771 4209
313005101 4787
437015558 9551
356616824 2984
37595641 437
567979784 8634
146375588 1057
656417458 7514
164503786 6878
180886900 7645
344869021 4796
435979791 8366
595536993 3572
172069749 9760
85698515 9161
595195447 9118
150895333 4085
135135034 5022
696228907 4469
254565591 2855
562399669 5918
715057454 5777
535220291 9180
686745292 5767
355208769 8514
72839992 4254
550793618 6184
352154390 8894
311626633 9859
410315973 8349
462256804 1986
329760156 4253
319544631 8331
69875576 2667
448861061 2884
148665765 5401
216202514 4188
464207351 778
63406524 8786
780965786 1971
351888263 7522
698472708 2689
429328424 2487
29897 8778
48745569 8538
59003881 1002
248795574 3825
486117046 2316
267866598 1850
370815967 2884
639897260 124
633067016 3612
708697896 425
587938977 6084
468518858 4799
169014740 6851
392321943 3958
603634435 4843
11786408 1695
681555676 6790
653910626 6887
457342056 2005
534707164 846
582254689 3356
750695158 5019
480180694 3101
711095957 3567
375839801 5406
73119931 7559
592303231 7091
532615465 5285
348894144 897
61034633 4565
129284380 4556
674492570 6385
774012773 5242
141156690 3416
359587409 8169
41616461 1791
659193560 9572
654911487 5618
644496206 9149
258967589 9745
263089868 3001
75281388 4422
699192076 6939
615224874 1184
285690469 2664
743696802 9831
423703188 7720
367509297 6169
106295284 7365
587411925 9136
395140558 2711
705851152 4845
698406132 324
167057589 3093
204898895 1575
189066148 9398
59888333 3063
365805771 880
581888614 2085
24085694 7344
258855654 111
436030967 3507
151381562 8343
730002396 9365
521192525 3034
381477064 8041
59135736 5469
703440016 50
89154756 1493
187302895 5213
616284116 4397
186750445 6999
198643586 573
791010121 4874
623683489 9734
43262985 150
730172559 9873
712362795 6040
239927543 269
40604135 2785
785165573 3722
361671469 5194
99315559 3338
658904261 5987
175445416 831
573183848 3405
153386502 4308
532467300 1019
683285764 9257
48689192 5775
295102200 2394
438996663 1084
444234117 2974
750415180 4188
747605593 6112
399663409 7962
225303976 7537
299919632 2525
482517134 1184
232217050 2699
6379289 7088
302439217 6581
551777816 501
554901578 1040
115620177 3055
168556521 4406
474165713 3685
23327608 1950
638520176 3527
688076601 6495
275939944 7073
351920475 3940
566099624 8511
179695281 3673
469740477 2849
80779037 1862
614798981 4497
542964382 9903
685758871 384
607235364 59
649375706 9994
149340198 597
13299281 603
457539588 8704
176440319 4855
57829160 3388
80571029 4304
426692712 4954
702766605 2973
389890131 9342
322354326 385
290643778 9599
534838669 2382
672138839 2044
168018442 9231
170227233 7319
402280343 2374
33932396 8022
161142631 2993
486786498 2704
478486118 6989
395677790 4985
714530216 5475
203561736 1766
465436257 7564
77340862 1936
234529850 5930
254432950 3804
394508641 8332
159132001 1577
257759781 3557
379783431 6189
90355038 2265
394970135 5743
579163026 3014
203996300 1913
581843294 1253
1149717 3674
515201613 1963
240745704 905
748131366 7023
269107232 8234
250116393 171
571257925 5800
167048450 8252
272378928 562
147295022 4477
338232579 2354
394195979 4538
601933221 4671
583274964 8004
186900297 7947
296185219 2
292844911 1610
139732741 2411
1000000000 100
999999985 16
999999928 73
999999932 69
999999921 80
999999964 37
999999966 35
999999960 41
999999917 84
999999929 72
999999936 65
999999934 67
999999905 96
999999996 5
999999963 38
999999961 40
999999914 87
999999980 21
999999945 56
999999911 90
999999957 44
999999908 93
999999965 36
999999946 55
999999967 34
999999976 25
999999913 88
999999988 13
999999922 79
999999912 89
999999991 10
999999971 30
999999938 63
999999930 71
999999937 64
999999968 33
999999953 48
999999942 59
999999974 27
999999979 22
999999952 49
999999962 39
999999927 74
999999948 53
999999916 85
999999969 32
999999986 15
999999995 6
999999933 68
999999992 9
999999940 61
999999982 19
999999915 86
999999906 95
999999926 75
999999923 78
999999901 100
999999989 12
999999900 101
999999981 20
999999920 81
999999983 18
999999955 46
999999954 47
999999956 45
999999999 2
999999998 3
999999904 97
999999944 57
999999959 42
999999939 62
999999902 99
999999924 77
999999972 29
999999943 58
999999903 98
999999970 31
999999949 52
999999978 23
999999918 83
999999931 70
999999958 43
999999951 50
999999919 82
999999909 92
999999910 91
999999947 54
999999973 28
999999990 11
999999984 17
999999907 94
999999997 4
999999935 66
999999993 8
999999925 76
999999977 24
999999987 14
999999941 60
999999994 7
999999950 51
999999975 26
286769497 17
194416669 5276
118094529 37
202172974 1093
230305272 4914
213534376 3801
38421048 215
277024571 7183
163529442 1351
4722257 1537
72533967 6360
92000232 5534
238792637 1543
42992918 2022
286124987 6365
29194347 9862
275147060 7433
177197600 4798
173599087 34
22324399 4685
63171329 4010
132512287 1464
145609854 7202
165102061 6272
100356867 3226
75263728 2475
156116570 6122
101948249 5280
16664246 1418
135321020 3205
24806533 4806
69205042 3518
8885315 6292
20503176 7157
71336596 9223
1173336 3445
145230285 1202
88058962 5099
146348603 1678
149779312 2091
140153079 6309
163136298 7524
49253027 4353
156058601 7840
11615639 7180
40602401 1566
31384818 6962
161692586 2736
124527923 3764
104730510 1708
64316165 978
124969804 7823
12326437 7782
665366651 5
397679309 2502
183494201 249
342319266 7277
637230906 9362
306143297 2860
691867749 67
489340135 7606
316744223 9975
606164103 800
624779346 147
393928738 4465
173836547 6113
657718484 5887
16450575 1898
131054088 8005
332326209 5114
510393721 4004
602955088 5116
430123431 9982
599960910 9915
562963633 127
440378007 5250
152800536 9767
638189508 5702
45992698 4019
107640330 1673
324252380 807
262198549 2315
369133607 8054
166727951 3224
468174880 3076
306623346 1818
179096913 8799
381925815 2940
317068640 2591
477877319 4330
203377219 6614
395211400 3626
250755073 5231
96307756 2818
6438471 5290
159959870 7732
99973692 8959
141254803 2772
393060753 4419
668398999 7534
595797526 861
503808739 8206
79540892 8458
257156462 2035
613237170 2324
293036563 3004
674371410 61
80504046 7605
392710818 7
83775488 5731
666862339 8648
461995100 1666
457152647 4423
452831110 6379
112213735 7296
61194411 7968
578148218 1626
326860189 969
125935518 4739
11282667 9890
75639315 409
222522893 1063
493595158 5140
181837543 9347
638498173 2555
149414528 9061
335337235 64
904043520 100
864432906 4729
63520773 6034
127399461 7645
428317217 9689
716366364 8187
702302261 9585
661929942 7790
753432840 8148
528472429 3087
676527067 5556
140322283 2992
384510726 5922
792487792 2303
872270378 4470
269088962 1028
556520333 3378
185119341 2385
379851283 7274
694880459 6839
541234741 5166
426197046 4156
773539553 8082
11242739 6894
305131004 9900
443416377 1256
468027896 2143
205734156 753
38095874 9386
442079043 2511
28492910 8983
868973178 3270
353512482 702
568113590 8916
373892072 9902
68820075 2307
898278692 9468
120356955 3836
564874164 4940
441452395 7061
691833544 2334
814063673 5391
71195332 1101
587934298 4817
616254439 4465
324498267 5925
27036555 9151
569990178 7074
356995475 4301
137530574 9683
830610168 9288
438210547 2552
219020982 1776
52783712 6014
784644276 3895
125015929 3841
220317164 5992
111621675 5627
6175783 3924
215942596 1418
582613827 7246
102075661 2980
159092402 9607
164914922 9141
294130547 2854
155608785 662
711320373 7585
238925639 3011
279270471 5477
649795837 488
513779044 5190
46481124 2119
532681570 2489
827363333 1619
281859164 689
634026816 7624
274658585 1404
436112208 7726
669350879 8504
464423537 3810
194185506 1853
334994296 7853
478171668 6068
213535844 4158
164911226 3993
179710700 7779
100584752 3250
839343552 2209
795227370 908
494156305 4788
227935373 4482
491320879 4337
442178953 6925
23973675 5004
837035984 5366
760086385 5702
313469908 4616
898986114 8999
743923118 516
549838715 508
546681793 8693
