99
2525 1
2400 5
300 2
120 60
60 90
344513452 1
274723308 6022
2 1
1 1
825471327 1
282835054 7899
290423013 1
107277633 1916
941864062 1
70485886 5833
1000000000 1
1 1
262581602 1
10592615 6589
973829647 1
944713809 1710
798909824 2
784042758 9642
338035846 3185
488552901 1
143940246 9833
67195487 1
35628644 7202
356128903 1
109094723 6903
620692473 1
141119166 6791
1000000000 2
998000000 10000
999000000 10000
587790164 1
152440420 253
514969281 1
474695449 2968
2 1
1 10000
116945989 1
47319378 9556
36612390 1
20640071 1428
201599995 1
142786844 5790
364663044 1
143193549 4908
836161850 1
477792149 3854
19655115 1
2741774 962
755570549 1
308829044 4032
863476138 1
191606751 3918
413991760 1
272303181 1831
883740263 1
850841147 8090
123661257 1
123511990 9441
197742997 1
103266636 4181
1000000000 2
999999999 2
999999998 3
111425116 1
49636308 893
572855316 1
225949904 5154
934024055 1
728779149 5679
1000000000 2
12345676 2
12345675 3
476401061 1
5045723 1206
993290563 1
249267678 1019
208963120 1
110616452 9950
221894030 1
101311052 4407
1000000000 2
999999998 2
999999997 3
827247115 1
719060650 9156
38261825 1
28048392 8047
416135677 1
258161420 7097
635950084 1
510902023 747
504644341 1
235918196 3480
97854207 1
31765225 5308
1000000000 1
1 10000
607371598 1
539913734 9027
827734735 1
522886738 4393
772653909 1
379596901 7543
460897851 1
333403845 2413
160433044 1
109444756 6589
252294309 1
105427164 9305
578421661 1
79467311 6653
128780538 1
4570223 3877
978169866 1
203658508 8398
1000000000 2
200 10000
100 10000
1000000000 2
999999997 2
999999996 3
763266600 1
448504636 9425
794170992 1
339533239 1082
735743786 1
442193104 5898
362458029 1
232361932 1068
566427049 1
353562912 5957
756703536 1
734269285 1610
453159877 1
326854795 2789
353203862 1
265981133 8227
49735013 1
24735118 552
730183246 1
609820224 2119
24610944 1
24437965 8964
975079306 2
267395826 7461
631450492 8739
829805030 1
526794477 6564
1000000000 2
1 3
2 2
1000000000 1
999999999 10000
177395108 1
99802838 8467
463046886 1
56434323 7607
244975673 1
57122658 6704
63015206 1
55218958 3519
31957794 1
27917613 7982
611604741 1
307959302 1675
548745385 1
499541931 1974
437609661 1
259755955 474
181337777 1
128773016 4847
423934818 1
257868164 7143
783439957 1
140503008 2684
454747654 1
181648324 251
251719802 1
159802288 6304
53781398 1
10191183 2779
872431891 1
812609211 1637
1000000000 1
999999999 1
544302241 1
378502391 6344
340230456 1
294604728 1677
686844584 1
205946611 1185
914746004 1
185448702 5830
1000000000 2
998000000 1
999000000 1
81021095 1
35409722 8016
915459898 1
640905747 6283
231528384 1
63570164 8247
200000 2
5000 8
5001 1
