99
6 2 0 2 0 2 0
3 1 0 2 0 0 0
625 272 0 225 0 128 0
601 182 0 188 0 231 0
668 192 0 195 0 281 0
649 143 0 230 0 276 0
783 303 0 216 0 264 0
470 123 0 235 0 112 0
892 340 0 304 0 248 0
673 292 0 121 0 260 0
377 211 0 112 0 54 0
50 22 0 10 0 18 0
169 60 0 64 0 45 0
504 388 0 13 0 103 0
6 0 0 3 0 3 0
312 124 0 48 0 140 0
489 43 0 244 0 202 0
265 85 0 77 0 103 0
144 61 0 21 0 62 0
994 490 0 349 0 155 0
950 184 0 475 0 291 0
4 1 0 2 0 1 0
4 2 0 2 0 0 0
7 3 0 2 0 2 0
86 34 0 32 0 20 0
106 14 0 25 0 67 0
4 1 0 1 0 2 0
732 350 0 359 0 23 0
847 330 0 402 0 115 0
389 301 0 50 0 38 0
854 141 0 411 0 302 0
712 150 0 225 0 337 0
901 149 0 415 0 337 0
5 1 0 2 0 2 0
21 10 0 1 0 10 0
850 191 0 392 0 267 0
3 2 0 1 0 0 0
4 3 0 1 0 0 0
513 244 0 237 0 32 0
152 22 0 71 0 59 0
645 225 0 296 0 124 0
96 25 0 14 0 57 0
5 1 0 1 0 3 0
56 23 0 12 0 21 0
6 2 0 3 0 1 0
690 154 0 250 0 286 0
383 191 0 164 0 28 0
262 112 0 54 0 96 0
1000 499 0 501 0 0 0
855 317 0 374 0 164 0
701 663 0 33 0 5 0
920 435 0 57 0 428 0
3 1 0 1 0 1 0
999 250 0 500 0 249 0
989 257 0 273 0 459 0
430 195 0 71 0 164 0
28 14 0 2 0 12 0
39 18 0 19 0 2 0
890 97 0 432 0 361 0
567 178 0 217 0 172 0
724 331 0 245 0 148 0
982 246 0 389 0 347 0
999 1 0 499 0 499 0
984 439 0 343 0 202 0
813 294 0 339 0 180 0
566 194 0 148 0 224 0
927 306 0 340 0 281 0
973 81 0 756 0 136 0
349 137 0 103 0 109 0
11 3 0 2 0 6 0
1000 250 0 250 0 500 0
4 2 0 1 0 1 0
570 3 0 494 0 73 0
412 96 0 141 0 175 0
1000 500 0 0 0 500 0
1000 500 0 1 0 499 0
991 486 0 138 0 367 0
529 81 0 260 0 188 0
999 333 0 333 0 333 0
5 2 0 3 0 0 0
829 246 0 306 0 277 0
444 206 0 168 0 70 0
816 256 0 249 0 311 0
999 0 0 500 0 499 0
930 790 0 90 0 50 0
223 62 0 62 0 99 0
389 156 0 165 0 68 0
921 390 0 209 0 322 0
968 427 0 153 0 388 0
275 40 0 113 0 122 0
547 248 0 59 0 240 0
1000 333 0 334 0 333 0
860 227 0 398 0 235 0
999 250 0 250 0 499 0
507 121 0 218 0 168 0
3 0 0 0 0 3 0
531 191 0 250 0 90 0
605 214 0 261 0 130 0
928 378 0 219 0 331 0
